'ASSO-H23-ASGTFS-Fête-1-01',1100,91400,,'',0,20000,,'',0,20000,,'',0,20000,,'',0,20000,,'',0,20000,,'',0,20000,,'',0,20000,,'',0
'ASSO-H23-ASGTFS-Fête-1-01',1101,83300,,'',0,20000,,'',0,20000,,'',0,20000,,'',0,20000,,'',0,20000,,'',0,20000,,'',0,20000,,'',0
'ASSO-H23-ASGTFS-Semaine-01',1100,70400,,'',0,10700,,'',0,2100,,'',0,7600,,'',0,11100,,'',0,10000,,'',0,10000,,'',0,10200,,'',0,9800,,'',0,10000,,'',0,10100,,'',0,10000,,'',0,19800,,'',0,10000,,'',0,10200,,'',0,9800,,'',0,9900,,'',0
'ASSO-H23-ASGTFS-Semaine-01',1101,55500,,'',0,7100,,'',0,7700,,'',0,10100,,'',0,12400,,'',0,9700,,'',0,10000,,'',0,10000,,'',0,10000,,'',0,9900,,'',0,10100,,'',0,9100,,'',0,9300,,'',0,3100,,'',0,9600,,'',0,9200,,'',0,10000,,'',0,10000,,'',0,10100,,'',0,10100,,'',0
'ASSO-H23-ASGTFS-Week-end-01',1100,91400,,'',0,20000,,'',0,20000,,'',0,20000,,'',0,20000,,'',0,20000,,'',0,20000,,'',0,20000,,'',0
'ASSO-H23-ASGTFS-Week-end-01',1101,83300,,'',0,20000,,'',0,20000,,'',0,20000,,'',0,20000,,'',0,20000,,'',0,20000,,'',0,20000,,'',0
'ASSO-H23-ASGTFS-Fête-1-01',1401,63400,,'',0,20000,,'',0,20000,,'',0,20000,,'',0,20000,,'',0,20000,,'',0,20000,,'',0,20000,,'',0,20000,,'',0
'ASSO-H23-ASGTFS-Semaine-01',1401,61400,,'',0,10500,,'',0,10200,,'',0,10100,,'',0,10600,,'',0,10000,,'',0,10000,,'',0,10000,,'',0,10100,,'',0,9900,,'',0,10000,,'',0,10000,,'',0,9400,,'',0,20100,,'',0,20600,,'',0
'ASSO-H23-ASGTFS-Week-end-01',1401,63400,,'',0,20000,,'',0,20000,,'',0,20000,,'',0,20000,,'',0,20000,,'',0,20000,,'',0,20000,,'',0,20000,,'',0
'ASSO-H23-ASGTFS-Semaine-01',10001,43900,,'',0,7800,,'',0,1800,,'',0,1000,,'',0,6900,,'',0,2100,,'',0,1800,,'',0,5800,,'',0,1400,,'',0
'ASSO-H23-ASGTFS-Fête-1-01',2000000300,63800,4,'',0,200,0,'T3',0,9800,4,'',0,200,0,'T3',0,6800,4,'',0,200,0,'T3',0,12800,4,'',0,200,0,'T3',0,6800,4,'',0,200,0,'T3',0,12800,4,'',0,200,0,'T3',0,6800,4,'',0,200,0,'T3',0,12800,4,'',0,200,0,'T3',0,6800,4,'',0,200,0,'T3',0,12800,4,'',0,200,0,'T3',0,6800,4,'',0,200,0,'T3',0,12800,4,'',0,200,0,'T3',0,6800,4,'',0,200,0,'T3',0,12800,4,'',0,200,0,'T3',0,6800,4,'',0,200,0,'T3',0,12800,4,'',0,200,0,'T3',0,6800,4,'',0,200,0,'T3',0,12800,4,'',0,200,0,'T3',0
'ASSO-H23-ASGTFS-Semaine-01',2000000300,54000,4,'',0,100,0,'T3',0,8600,4,'',0,100,0,'T3',0,7200,4,'',0,100,0,'T3',0,3300,4,'',0,100,0,'T3',0,8000,4,'',0,100,0,'T3',0,1600,4,'',0,100,0,'T3',0,38100,4,'',0,100,0,'T3',0,2500,4,'',0,100,0,'T3',0,37900,4,'',0,100,0,'T3',0,1600,4,'',0,100,0,'T3',0,7900,0,'T3',0,800,4,'',0,1800,4,'',0,100,0,'T3',0,7100,4,'',0,100,0,'T3',0,2600,4,'',0,100,0,'T3',0
'ASSO-H23-ASGTFS-Week-end-01',2000000300,63800,4,'',0,200,0,'T3',0,9800,4,'',0,200,0,'T3',0,6800,4,'',0,200,0,'T3',0,12800,4,'',0,200,0,'T3',0,6800,4,'',0,200,0,'T3',0,12800,4,'',0,200,0,'T3',0,6800,4,'',0,200,0,'T3',0,12800,4,'',0,200,0,'T3',0,6800,4,'',0,200,0,'T3',0,12800,4,'',0,200,0,'T3',0,6800,4,'',0,200,0,'T3',0,12800,4,'',0,200,0,'T3',0,6800,4,'',0,200,0,'T3',0,12800,4,'',0,200,0,'T3',0,6800,4,'',0,200,0,'T3',0,12800,4,'',0,200,0,'T3',0,6800,4,'',0,200,0,'T3',0,12800,4,'',0,200,0,'T3',0
