'ASSO-A23-ASGTFS-Semaine-01',10001,52500,4,'',0,3000,4,'',0,9000,4,'',0,7000,4,'',0,1000,4,'',0,3000,4,'',0
'ASSO-A23-ASGTFS-Semaine-03',10001,52500,4,'',0,3000,4,'',0,9000,4,'',0,7000,4,'',0,1000,4,'',0,3000,4,'',0
'ASSO-A23-ASGTFS-Semaine-01',20001,61900,4,'',0,3000,4,'',0,7000,4,'',0,3000,4,'',0,7000,4,'',0,3000,4,'',0
'ASSO-A23-ASGTFS-Semaine-03',20001,61900,4,'',0,3000,4,'',0,7000,4,'',0,3000,4,'',0,7000,4,'',0,3000,4,'',0
'ASSO-A23-ASGTFS-Semaine-01',30001,52700,4,'',0,3000,4,'',0,6700,4,'',0,7700,4,'',0,2000,4,'',0,3500,4,'',0,7000,4,'',0
'ASSO-A23-ASGTFS-Semaine-03',30001,52700,4,'',0,3000,4,'',0,6700,4,'',0,7700,4,'',0,2000,4,'',0,3500,4,'',0,7000,4,'',0
'ASSO-A23-ASGTFS-Fête-1-01',40001,72500,4,'',0,10000,4,'',0,10000,4,'',0,10000,4,'',0,10000,4,'',0,10000,4,'',0,10000,4,'',0,10000,4,'',0,10000,4,'',0,10000,4,'',0,10000,4,'',0,10000,4,'',0,10000,4,'',0,10000,4,'',0,10000,4,'',0,10000,4,'',0,10000,4,'',0,10000,4,'',0,10000,4,'',0
'ASSO-A23-ASGTFS-Semaine-01',40001,51600,4,'',0,2100,4,'',0,7000,4,'',0,3000,4,'',0,1000,4,'',0,6000,4,'',0,2100,4,'',0,1500,4,'',0,7000,4,'',0,3000,4,'',0,1000,4,'',0,7000,4,'',0,3100,4,'',0,7000,4,'',0,3000,4,'',0,7100,4,'',0,3000,4,'',0,7000,4,'',0,3000,4,'',0,7500,4,'',0,7000,4,'',0,3000,4,'',0,7000,4,'',0,3000,4,'',0,7000,4,'',0,3000,4,'',0,7000,4,'',0,3000,4,'',0,2700,4,'',0,6700,4,'',0,2800,4,'',0,6900,4,'',0,3400,4,'',0,7000,4,'',0,3000,4,'',0,6500,4,'',0,10000,4,'',0,10000,4,'',0,10000,4,'',0,9800,4,'',0
'ASSO-A23-ASGTFS-Semaine-03',40001,51600,4,'',0,2100,4,'',0,7000,4,'',0,3000,4,'',0,1000,4,'',0,6000,4,'',0,2100,4,'',0,1500,4,'',0,7000,4,'',0,3000,4,'',0,1000,4,'',0,7000,4,'',0,3100,4,'',0,7000,4,'',0,3000,4,'',0,7100,4,'',0,3000,4,'',0,7000,4,'',0,3000,4,'',0,7500,4,'',0,7000,4,'',0,3000,4,'',0,7000,4,'',0,3000,4,'',0,7000,4,'',0,3000,4,'',0,7000,4,'',0,3000,4,'',0,2700,4,'',0,6700,4,'',0,2800,4,'',0,6900,4,'',0,3400,4,'',0,7000,4,'',0,3000,4,'',0,6500,4,'',0,10000,4,'',0,10000,4,'',0,10000,4,'',0,9800,4,'',0
'ASSO-A23-ASGTFS-Week-end-01',40001,72500,4,'',0,10000,4,'',0,10000,4,'',0,10000,4,'',0,10000,4,'',0,10000,4,'',0,10000,4,'',0,10000,4,'',0,10000,4,'',0,10000,4,'',0,10000,4,'',0,10000,4,'',0,10000,4,'',0,10000,4,'',0,10000,4,'',0,10000,4,'',0,10000,4,'',0,10000,4,'',0,10000,4,'',0
