'ASSO-H23-ASGTFS-Semaine-01',100,74300,4,'',0,10100,4,'',0,6100,4,'',0,5200,4,'',0,10100,4,'',0,10000,4,'',0,10000,4,'',0,10100,4,'',0,10000,4,'',0,24100,4,'',0,10000,4,'',0
'ASSO-H23-ASGTFS-Semaine-01',101,90300,,'',0,10000,,'',0,10000,,'',0,10000,,'',0,10000,,'',0,10000,,'',0,10000,,'',0,10200,,'',0,3500,,'',0,6800,,'',0,9800,,'',0
'ASSO-H23-ASGTFS-Semaine-01',200,105000,0,'St-Sulpice',0,9400,,'',0,30100,0,'St-Sulpice',0,20300,,'',0,17600,,'',0
'ASSO-H23-ASGTFS-Semaine-01',201,74600,,'',0,15900,,'',0,21600,,'',0,12300,,'',0,27100,,'',0,24200,,'',0,16300,,'',0
'ASSO-H23-ASGTFS-Semaine-01',600,65500,4,'',0,34600,4,'',0
'ASSO-H23-ASGTFS-Semaine-01',601,164500,,'',0,11100,,'',0,7300,0,'Repentigny',0,10000,0,'Repentigny',0
'ASSO-H23-ASGTFS-Fête-1-01',800,95600,4,'',0,20000,4,'',0,20000,4,'',0,20000,4,'',0,20000,4,'',0,20000,4,'',0,20000,4,'',0,20000,4,'',0
'ASSO-H23-ASGTFS-Fête-1-01',801,81500,,'',0,20000,,'',0,20000,,'',0,20000,,'',0,20000,,'',0,20000,,'',0,20000,,'',0,20000,,'',0
'ASSO-H23-ASGTFS-Semaine-01',800,73500,4,'',0,17000,4,'',0,5000,4,'',0,10000,4,'',0,14900,4,'',0,10500,4,'',0,4600,4,'',0,10000,4,'',0,10400,4,'',0,15200,4,'',0,9500,4,'',0,10300,4,'',0,4300,4,'',0,20000,4,'',0,19800,4,'',0
'ASSO-H23-ASGTFS-Semaine-01',801,81400,,'',0,10000,,'',0,9600,,'',0,10300,,'',0,9700,,'',0,10300,,'',0,10000,,'',0,9500,,'',0,10600,,'',0,3300,,'',0,7200,,'',0,9300,,'',0,19800,,'',0,20300,,'',0
'ASSO-H23-ASGTFS-Week-end-01',800,95600,4,'',0,20000,4,'',0,20000,4,'',0,20000,4,'',0,20000,4,'',0,20000,4,'',0,20000,4,'',0,20000,4,'',0
'ASSO-H23-ASGTFS-Week-end-01',801,81500,,'',0,20000,,'',0,20000,,'',0,20000,,'',0,20000,,'',0,20000,,'',0,20000,,'',0,20000,,'',0
'ASSO-H23-ASGTFS-Fête-1-01',1100,95300,4,'',0,20000,4,'',0,20000,4,'',0,20000,4,'',0,20000,4,'',0,20000,4,'',0,20000,4,'',0,20000,4,'',0
'ASSO-H23-ASGTFS-Fête-1-01',1101,80300,,'',0,20000,,'',0,20000,,'',0,20000,,'',0,20000,,'',0,20000,,'',0,20000,,'',0,20000,,'',0
'ASSO-H23-ASGTFS-Semaine-01',1100,70000,4,'',0,5000,4,'',0,10700,4,'',0,6000,4,'',0,3600,4,'',0,15100,4,'',0,10300,4,'',0,10000,4,'',0,10200,4,'',0,9800,4,'',0,10200,4,'',0,10700,4,'',0,9200,4,'',0,15000,4,'',0,9900,4,'',0,10100,4,'',0,9700,4,'',0,10400,4,'',0
'ASSO-H23-ASGTFS-Semaine-01',1101,73600,,'',0,16500,,'',0,5700,,'',0,10000,,'',0,10000,,'',0,10000,,'',0,10000,,'',0,9900,,'',0,9000,,'',0,9300,,'',0,7100,,'',0,9700,,'',0,9400,,'',0,10000,,'',0,10000,,'',0,10000,,'',0,10200,,'',0
'ASSO-H23-ASGTFS-Week-end-01',1100,95300,4,'',0,20000,4,'',0,20000,4,'',0,20000,4,'',0,20000,4,'',0,20000,4,'',0,20000,4,'',0,20000,4,'',0
'ASSO-H23-ASGTFS-Week-end-01',1101,80300,,'',0,20000,,'',0,20000,,'',0,20000,,'',0,20000,,'',0,20000,,'',0,20000,,'',0,20000,,'',0
'ASSO-H23-ASGTFS-Semaine-01',40000,74100,4,'',0,11000,4,'',0,6300,4,'',0,161500,4,'',0
'ASSO-H23-ASGTFS-Semaine-01',40001,164100,,'',0,8000,,'',0,9500,,'',0
