'ASSO-A23-ASGTFS-Semaine-03',10001,52310,4,'',0,3000,4,'',0,8940,4,'',0,7000,4,'',0,1000,4,'',0,3000,4,'',0
'ASSO-A23-ASGTFS-Semaine-04',10001,52310,4,'',0,3000,4,'',0,8940,4,'',0,7000,4,'',0,1000,4,'',0,3000,4,'',0
'ASSO-A23-ASGTFS-Semaine-03',30001,52520,4,'',0,3000,4,'',0,6700,4,'',0,3690,4,'',0,6000,4,'',0,3500,4,'',0,7000,4,'',0
'ASSO-A23-ASGTFS-Semaine-04',30001,52520,4,'',0,3000,4,'',0,6700,4,'',0,3690,4,'',0,6000,4,'',0,3500,4,'',0,7000,4,'',0
'ASSO-A23-ASGTFS-Fête-1-01',40001,72310,4,'',0,10000,4,'',0,10000,4,'',0,10000,4,'',0,10000,4,'',0,10000,4,'',0,10000,4,'',0,10000,4,'',0,10000,4,'',0,10000,4,'',0,10000,4,'',0,10000,4,'',0,10000,4,'',0,10000,4,'',0,10000,4,'',0,10000,4,'',0,10000,4,'',0,10000,4,'',0,10000,4,'',0
'ASSO-A23-ASGTFS-Fête-1-02',40001,72310,4,'',0,10000,4,'',0,10000,4,'',0,10000,4,'',0,10000,4,'',0,10000,4,'',0,10000,4,'',0,10000,4,'',0,10000,4,'',0,10000,4,'',0,10000,4,'',0,10000,4,'',0,10000,4,'',0,10000,4,'',0,10000,4,'',0,10000,4,'',0,10000,4,'',0,10000,4,'',0,10000,4,'',0
'ASSO-A23-ASGTFS-Semaine-03',40001,51400,4,'',0,2100,4,'',0,7000,4,'',0,3000,4,'',0,1000,4,'',0,6000,4,'',0,2050,4,'',0,1500,4,'',0,7000,4,'',0,3000,4,'',0,1000,4,'',0,7000,4,'',0,3100,4,'',0,7000,4,'',0,3000,4,'',0,7100,4,'',0,3000,4,'',0,7000,4,'',0,3000,4,'',0,7500,4,'',0,3000,4,'',0,7000,4,'',0,3000,4,'',0,7000,4,'',0,3000,4,'',0,7000,4,'',0,3000,4,'',0,7000,4,'',0,2700,4,'',0,6700,4,'',0,2850,4,'',0,6910,4,'',0,3400,4,'',0,7000,4,'',0,3000,4,'',0,6500,4,'',0,10000,4,'',0,10000,4,'',0,10000,4,'',0,9800,4,'',0
'ASSO-A23-ASGTFS-Semaine-04',40001,51400,4,'',0,2100,4,'',0,7000,4,'',0,3000,4,'',0,1000,4,'',0,6000,4,'',0,2050,4,'',0,1500,4,'',0,7000,4,'',0,3000,4,'',0,1000,4,'',0,7000,4,'',0,3100,4,'',0,7000,4,'',0,3000,4,'',0,7100,4,'',0,3000,4,'',0,7000,4,'',0,3000,4,'',0,7500,4,'',0,3000,4,'',0,7000,4,'',0,3000,4,'',0,7000,4,'',0,3000,4,'',0,7000,4,'',0,3000,4,'',0,7000,4,'',0,2700,4,'',0,6700,4,'',0,2850,4,'',0,6910,4,'',0,3400,4,'',0,7000,4,'',0,3000,4,'',0,6500,4,'',0,10000,4,'',0,10000,4,'',0,10000,4,'',0,9800,4,'',0
'ASSO-A23-ASGTFS-Week-end-01',40001,72310,4,'',0,10000,4,'',0,10000,4,'',0,10000,4,'',0,10000,4,'',0,10000,4,'',0,10000,4,'',0,10000,4,'',0,10000,4,'',0,10000,4,'',0,10000,4,'',0,10000,4,'',0,10000,4,'',0,10000,4,'',0,10000,4,'',0,10000,4,'',0,10000,4,'',0,10000,4,'',0,10000,4,'',0
'ASSO-A23-ASGTFS-Week-end-02',40001,72310,4,'',0,10000,4,'',0,10000,4,'',0,10000,4,'',0,10000,4,'',0,10000,4,'',0,10000,4,'',0,10000,4,'',0,10000,4,'',0,10000,4,'',0,10000,4,'',0,10000,4,'',0,10000,4,'',0,10000,4,'',0,10000,4,'',0,10000,4,'',0,10000,4,'',0,10000,4,'',0,10000,4,'',0
