100,87555,1,0
100,87556,2,0
100,87557,3,0
100,87103,4,0
100,87104,5,0
100,87105,6,0
100,87106,7,0
100,87107,8,0
100,87108,9,0
100,87109,10,0
100,87110,11,0
100,87111,12,0
100,87112,13,0
100,87113,14,0
100,87114,15,0
100,87115,16,0
100,87116,17,0
100,87117,18,0
100,87118,19,0
100,87119,20,0
100,87120,21,0
100,87066,22,0
100,87067,23,0
100,87068,24,0
100,87069,25,0
100,87500,26,0
100,87221,27,0
100,87222,28,0
100,87600,29,0
100,87601,30,0
100,87602,31,0
100,87603,32,0
100,87071,33,0
100,87121,34,0
100,87122,35,0
100,87123,36,0
100,87124,37,0
100,87125,38,0
100,87126,39,0
100,87127,40,0
100,87128,41,0
100,87129,42,0
100,87130,43,0
100,87131,44,0
100,87132,45,0
100,87197,46,0
100,87184,47,0
100,87185,48,0
100,87186,49,0
100,87187,50,0
100,87188,51,0
100,87189,52,0
100,87190,53,0
100,87191,54,0
100,87192,55,0
100,87193,56,0
100,87194,57,0
100,87027,58,0
100,87092,59,0
100,87152,60,0
100,87862,61,0
100,87863,62,0
100,87864,63,0
100,87865,64,0
100,87159,65,0
100,87160,66,0
100,87161,67,0
100,87162,68,0
100,87700,69,1
101,87700,1,0
101,87701,2,0
101,87702,3,0
101,87703,4,0
101,87704,5,0
101,87705,6,0
101,87023,7,0
101,87024,8,0
101,87025,9,0
101,87026,10,0
101,87092,11,0
101,87200,12,0
101,87151,13,0
101,87195,14,0
101,87098,15,0
101,87095,16,0
101,87096,17,0
101,87048,18,0
101,87049,19,0
101,87146,20,0
101,87050,21,0
101,87051,22,0
101,87052,23,0
101,87053,24,0
101,87196,25,0
101,87054,26,0
101,87055,27,0
101,87056,28,0
101,87057,29,0
101,87058,30,0
101,87059,31,0
101,87060,32,0
101,87061,33,0
101,87062,34,0
101,87063,35,0
101,87064,36,0
101,87065,37,0
101,87066,38,0
101,87067,39,0
101,87068,40,0
101,87069,41,0
101,87500,42,0
101,87221,43,0
101,87222,44,0
101,87600,45,0
101,87601,46,0
101,87602,47,0
101,87603,48,0
101,87071,49,0
101,87121,50,0
101,87072,51,0
101,87073,52,0
101,87074,53,0
101,87075,54,0
101,87076,55,0
101,87077,56,0
101,87078,57,0
101,87079,58,0
101,87080,59,0
101,87081,60,0
101,87082,61,0
101,87083,62,0
101,87084,63,0
101,87085,64,0
101,87086,65,0
101,87087,66,0
101,87088,67,0
101,87089,68,0
101,87558,69,0
101,87554,70,0
101,87300,71,0
101,87555,72,1
200,87092,1,0
200,88345,2,0
200,88346,3,0
200,88347,4,0
200,87200,5,0
200,87151,6,0
200,87152,7,0
200,87862,8,0
200,87863,9,0
200,87864,10,0
200,87865,11,0
200,87159,12,0
200,87160,13,0
200,87161,14,0
200,87162,15,0
200,87700,16,0
200,87164,17,0
200,87165,18,0
200,88351,19,0
200,88433,20,0
200,88434,21,0
200,88301,22,0
200,88302,23,0
200,88303,24,0
200,88307,25,0
200,88349,26,0
200,88350,27,0
200,88304,28,0
200,88673,29,0
200,88354,30,0
200,88441,31,0
200,88442,32,0
200,88443,33,0
200,88444,34,0
200,88445,35,0
200,88431,36,0
200,88440,37,1
201,88338,1,0
201,87016,2,0
201,88339,3,0
201,88340,4,0
201,88341,5,0
201,88342,6,0
201,88343,7,0
201,88344,8,0
201,88353,9,0
201,88674,10,0
201,88301,11,0
201,88302,12,0
201,88303,13,0
201,88307,14,0
201,88349,15,0
201,88350,16,0
201,88304,17,0
201,88305,18,0
201,88306,19,0
201,88352,20,0
201,87011,21,0
201,87012,22,0
201,87700,23,0
201,87014,24,0
201,87015,25,0
201,87017,26,0
201,87018,27,0
201,87904,28,0
201,87905,29,0
201,87024,30,0
201,87025,31,0
201,87026,32,0
201,87027,33,0
201,88448,34,0
201,88428,35,0
201,88449,36,0
201,88429,37,0
201,87092,38,1
500,87577,1,0
500,87564,2,0
500,87565,3,0
500,87566,4,0
500,87567,5,0
500,87568,6,0
500,87569,7,0
500,87570,8,0
500,87571,9,0
500,87572,10,0
500,87573,11,0
500,87066,12,0
500,87067,13,0
500,87068,14,0
500,87069,15,0
500,87719,16,0
500,87221,17,0
500,87222,18,0
500,87313,19,0
500,87314,20,0
500,87315,21,0
500,87316,22,0
500,87317,23,0
500,87318,24,0
500,87319,25,0
500,87320,26,0
500,87321,27,0
500,87322,28,0
500,87323,29,0
500,87324,30,0
500,87325,31,0
500,87326,32,0
500,87327,33,0
500,87328,34,0
500,87329,35,0
500,87330,36,0
500,87331,37,0
500,88432,38,0
500,87147,39,0
500,87148,40,0
500,87149,41,0
500,87176,42,0
500,87177,43,1
501,87092,1,0
501,87028,2,0
501,87029,3,0
501,87030,4,0
501,87031,5,0
501,87032,6,0
501,87201,7,0
501,87202,8,0
501,87203,9,0
501,87204,10,0
501,87205,11,0
501,87206,12,0
501,87207,13,0
501,87208,14,0
501,87209,15,0
501,87210,16,0
501,87211,17,0
501,87212,18,0
501,87213,19,0
501,87214,20,0
501,87215,21,0
501,87216,22,0
501,87217,23,0
501,87218,24,0
501,87219,25,0
501,87069,26,0
501,87719,27,0
501,87071,28,0
501,87121,29,0
501,87501,30,0
501,87502,31,0
501,87503,32,0
501,87504,33,0
501,87505,34,0
501,87506,35,0
501,87507,36,0
501,87508,37,0
501,87509,38,0
501,87577,39,1
600,87445,1,0
600,87422,2,0
600,87444,3,0
600,87423,4,0
600,87425,5,0
600,87426,6,0
600,87427,7,0
600,87428,8,0
600,87402,9,0
600,87419,10,0
600,87446,11,0
600,87403,12,0
600,87430,13,0
600,87404,14,0
600,87405,15,0
600,87406,16,0
600,87407,17,0
600,87408,18,0
600,87409,19,0
600,87431,20,0
600,87432,21,0
600,87433,22,0
600,87434,23,0
600,87435,24,0
600,87410,25,0
600,87411,26,0
600,87018,27,0
600,87904,28,0
600,87905,29,0
600,87159,30,0
600,87160,31,0
600,87161,32,0
600,87162,33,0
600,87700,34,1
601,87092,1,0
601,87200,2,0
601,87151,3,0
601,87152,4,0
601,87862,5,0
601,87863,6,0
601,87864,7,0
601,87865,8,0
601,87159,9,0
601,87160,10,0
601,87161,11,0
601,87162,12,0
601,87700,13,0
601,87014,14,0
601,87015,15,0
601,87413,16,0
601,87414,17,0
601,87442,18,0
601,87441,19,0
601,87440,20,0
601,87439,21,0
601,87438,22,0
601,87415,23,0
601,87416,24,0
601,87417,25,0
601,87418,26,0
601,87401,27,0
601,87420,28,0
601,87437,29,0
601,87421,30,0
601,87443,31,0
601,87436,32,0
601,87445,33,0
601,87422,34,0
601,87444,35,0
601,87423,36,0
601,87425,37,0
601,87426,38,0
601,87427,39,0
601,87428,40,0
601,87402,41,0
601,87419,42,0
601,87446,43,0
601,87403,44,0
601,87412,45,0
601,87026,46,0
601,87027,47,1
800,87555,1,0
800,87556,2,0
800,87103,3,0
800,87104,4,0
800,87105,5,0
800,87106,6,0
800,87664,7,0
800,87654,8,0
800,87655,9,0
800,87656,10,0
800,87657,11,0
800,87658,12,0
800,87659,13,0
800,87660,14,0
800,87661,15,0
800,87662,16,0
800,87603,17,0
800,87500,18,0
800,87848,19,0
800,87849,20,0
800,87850,21,0
800,87851,22,0
800,87852,23,0
800,87853,24,0
800,87854,25,0
800,87855,26,0
800,87856,27,0
800,87857,28,0
800,87135,29,0
800,87136,30,0
800,87137,31,0
800,87138,32,0
800,87139,33,0
800,87140,34,0
800,87141,35,0
800,87142,36,0
800,87143,37,0
800,87144,38,0
800,87145,39,0
800,88432,40,0
800,87147,41,0
800,87148,42,0
800,87149,43,0
800,87176,44,0
800,87177,45,0
800,87150,46,0
800,87151,47,0
800,87152,48,0
800,87862,49,0
800,87863,50,0
800,87864,51,0
800,87865,52,0
800,87159,53,0
800,87160,54,0
800,87161,55,0
800,87162,56,0
800,87163,57,0
800,87164,58,0
800,87165,59,0
800,87166,60,0
800,87167,61,0
800,87617,62,0
800,87618,63,0
800,87619,64,0
800,87620,65,0
800,87621,66,0
800,87622,67,0
800,87005,68,0
800,87623,69,0
800,87624,70,0
800,87625,71,0
800,87626,72,0
800,87627,73,0
800,87628,74,0
800,87629,75,0
800,87631,76,0
800,87632,77,0
800,87633,78,0
800,87634,79,0
800,87635,80,0
800,87636,81,0
800,87637,82,0
800,87638,83,0
800,87639,84,0
800,87707,85,0
800,87630,86,0
800,87700,87,1
801,87700,1,0
801,87014,2,0
801,87015,3,0
801,87017,4,0
801,87018,5,0
801,87904,6,0
801,87905,7,0
801,87024,8,0
801,87025,9,0
801,87026,10,0
801,87027,11,0
801,87092,12,0
801,87028,13,0
801,87029,14,0
801,87030,15,0
801,87031,16,0
801,87032,17,0
801,87033,18,0
801,87034,19,0
801,87035,20,0
801,87036,21,0
801,87037,22,0
801,87038,23,0
801,87039,24,0
801,87040,25,0
801,87041,26,0
801,87042,27,0
801,87708,28,0
801,87709,29,0
801,87710,30,0
801,87711,31,0
801,87712,32,0
801,87713,33,0
801,87714,34,0
801,87715,35,0
801,87716,36,0
801,87717,37,0
801,87718,38,0
801,87500,39,0
801,87221,40,0
801,87222,41,0
801,87600,42,0
801,87601,43,0
801,87602,44,0
801,87603,45,0
801,87604,46,0
801,87605,47,0
801,87606,48,0
801,87607,49,0
801,87608,50,0
801,87609,51,0
801,87610,52,0
801,87611,53,0
801,87663,54,0
801,88334,55,0
801,88335,56,0
801,88336,57,0
801,87235,58,1
900,87555,1,0
900,87556,2,0
900,87557,3,0
900,87558,4,0
900,87519,5,0
900,87521,6,0
900,87523,7,0
900,85080,8,0
900,85086,9,0
900,85253,10,0
900,84125,11,0
900,85776,12,0
900,85089,13,0
900,84830,14,0
900,85014,15,0
900,84796,16,0
900,87550,17,0
900,87551,18,0
900,87559,19,0
900,87800,20,0
900,87801,21,0
900,87802,22,0
900,87803,23,0
900,87804,24,0
900,87805,25,0
900,87806,26,0
900,87807,27,0
900,87808,28,0
900,87809,29,0
900,87810,30,0
900,87798,31,0
900,87799,32,0
900,87814,33,0
900,87815,34,0
900,87816,35,0
900,87817,36,0
900,87818,37,0
900,87772,38,0
900,87819,39,0
900,87820,40,0
900,87858,41,0
900,87866,42,0
900,87867,43,0
900,87868,44,0
900,87869,45,0
900,87870,46,0
900,87871,47,0
900,87872,48,0
900,87873,49,0
900,87874,50,0
900,87875,51,0
900,87876,52,0
900,87877,53,0
900,87878,54,0
900,87821,55,0
900,87822,56,0
900,87823,57,0
900,87824,58,0
900,87825,59,0
900,87826,60,0
900,87844,61,0
900,87827,62,0
900,87548,63,0
900,87879,64,0
900,87880,65,0
900,87572,66,0
900,87573,67,0
900,87066,68,0
900,87067,69,0
900,87068,70,0
900,87069,71,0
900,87500,72,1
901,87500,1,0
901,87071,2,0
901,87121,3,0
901,87501,4,0
901,87881,5,0
901,87882,6,0
901,87549,7,0
901,87883,8,0
901,87740,9,0
901,87741,10,0
901,87742,11,0
901,87743,12,0
901,87769,13,0
901,87770,14,0
901,87744,15,0
901,87745,16,0
901,87858,17,0
901,87866,18,0
901,87867,19,0
901,87868,20,0
901,87869,21,0
901,87870,22,0
901,87871,23,0
901,87872,24,0
901,87873,25,0
901,87874,26,0
901,87875,27,0
901,87876,28,0
901,87877,29,0
901,87878,30,0
901,87746,31,0
901,87771,32,0
901,87747,33,0
901,87748,34,0
901,87749,35,0
901,87750,36,0
901,87751,37,0
901,87752,38,0
901,87795,39,0
901,87796,40,0
901,87755,41,0
901,87756,42,0
901,87757,43,0
901,87758,44,0
901,87759,45,0
901,87760,46,0
901,87761,47,0
901,87762,48,0
901,87763,49,0
901,87764,50,0
901,87765,51,0
901,87514,52,0
901,87521,53,0
901,87523,54,0
901,85080,55,0
901,85086,56,0
901,85253,57,0
901,84125,58,0
901,85776,59,0
901,85089,60,0
901,84830,61,0
901,85014,62,0
901,84796,63,0
901,87550,64,0
901,87551,65,0
901,87552,66,0
901,87516,67,0
901,87553,68,0
901,87554,69,0
901,87300,70,0
901,87555,71,1
1100,87577,1,0
1100,87564,2,0
1100,87565,3,0
1100,87566,4,0
1100,87567,5,0
1100,87568,6,0
1100,87569,7,0
1100,87570,8,0
1100,87881,9,0
1100,87882,10,0
1100,87883,11,0
1100,87828,12,0
1100,87829,13,0
1100,87830,14,0
1100,87831,15,0
1100,87832,16,0
1100,87833,17,0
1100,87834,18,0
1100,87835,19,0
1100,87836,20,0
1100,87837,21,0
1100,87838,22,0
1100,87839,23,0
1100,87885,24,0
1100,87840,25,0
1100,87841,26,0
1100,87842,27,0
1100,87843,28,0
1100,87845,29,0
1100,87846,30,0
1100,87847,31,0
1100,87572,32,0
1100,87573,33,0
1100,87066,34,0
1100,87067,35,0
1100,87068,36,0
1100,87069,37,0
1100,87719,38,0
1100,87071,39,0
1100,87121,40,0
1100,87501,41,0
1100,87720,42,0
1100,87721,43,0
1100,87722,44,0
1100,88001,45,0
1100,88200,46,0
1100,88201,47,0
1100,88202,48,0
1100,88203,49,0
1100,88204,50,0
1100,88205,51,0
1100,88206,52,0
1100,88109,53,0
1100,88110,54,0
1100,88111,55,0
1100,88112,56,0
1100,88113,57,0
1100,88114,58,0
1100,88115,59,0
1100,88117,60,0
1100,88118,61,0
1100,88119,62,0
1100,88120,63,0
1100,87767,64,0
1100,87768,65,0
1100,88208,66,0
1100,88209,67,0
1100,88210,68,0
1100,88211,69,0
1100,88212,70,0
1100,88213,71,0
1100,87901,72,0
1100,88100,73,0
1100,88101,74,0
1100,88102,75,0
1100,88103,76,0
1100,88104,77,0
1100,88105,78,0
1100,88207,79,0
1100,88004,80,0
1100,87921,81,0
1100,88005,82,0
1100,88006,83,0
1100,88007,84,0
1100,88008,85,0
1100,88009,86,0
1100,88010,87,0
1100,87152,88,0
1100,87862,89,0
1100,87863,90,0
1100,87864,91,0
1100,87865,92,0
1100,87159,93,0
1100,87160,94,0
1100,87161,95,0
1100,87162,96,0
1100,87700,97,1
1101,87700,1,0
1101,87701,2,0
1101,87702,3,0
1101,87703,4,0
1101,87704,5,0
1101,87705,6,0
1101,87023,7,0
1101,87024,8,0
1101,87025,9,0
1101,87906,10,0
1101,87907,11,0
1101,87908,12,0
1101,87909,13,0
1101,87910,14,0
1101,87911,15,0
1101,87920,16,0
1101,87912,17,0
1101,87773,18,0
1101,87774,19,0
1101,87775,20,0
1101,87776,21,0
1101,87777,22,0
1101,87778,23,0
1101,88214,24,0
1101,87779,25,0
1101,87780,26,0
1101,87781,27,0
1101,87782,28,0
1101,87783,29,0
1101,87784,30,0
1101,87785,31,0
1101,87786,32,0
1101,87787,33,0
1101,87788,34,0
1101,87789,35,0
1101,87790,36,0
1101,87729,37,0
1101,87791,38,0
1101,87792,39,0
1101,87793,40,0
1101,87794,41,0
1101,88121,42,0
1101,88122,43,0
1101,88123,44,0
1101,88124,45,0
1101,88125,46,0
1101,88126,47,0
1101,88127,48,0
1101,88128,49,0
1101,87914,50,0
1101,87915,51,0
1101,87845,52,0
1101,87846,53,0
1101,87847,54,0
1101,87572,55,0
1101,87573,56,0
1101,87066,57,0
1101,87067,58,0
1101,87068,59,0
1101,87069,60,0
1101,87719,61,0
1101,87071,62,0
1101,87121,63,0
1101,87501,64,0
1101,87720,65,0
1101,87721,66,0
1101,87722,67,0
1101,87723,68,0
1101,87724,69,0
1101,87725,70,0
1101,87726,71,0
1101,87884,72,0
1101,87727,73,0
1101,87728,74,0
1101,87730,75,0
1101,87731,76,0
1101,87732,77,0
1101,87733,78,0
1101,87734,79,0
1101,87735,80,0
1101,87736,81,0
1101,87737,82,0
1101,87738,83,0
1101,87739,84,0
1101,87879,85,0
1101,87502,86,0
1101,87503,87,0
1101,87504,88,0
1101,87505,89,0
1101,87506,90,0
1101,87507,91,0
1101,87508,92,0
1101,87509,93,0
1101,87525,94,0
1101,87577,95,1
1400,87555,1,0
1400,87556,2,0
1400,87557,3,0
1400,87558,4,0
1400,87519,5,0
1400,87559,6,0
1400,87560,7,0
1400,87574,8,0
1400,87561,9,0
1400,87562,10,0
1400,88502,11,0
1400,88503,12,0
1400,87563,13,0
1400,87576,14,0
1400,87526,15,0
1400,87577,16,0
1400,87564,17,0
1400,87565,18,0
1400,87566,19,0
1400,87567,20,0
1400,87568,21,0
1400,87569,22,0
1400,87570,23,0
1400,87571,24,0
1400,87572,25,0
1400,87573,26,0
1400,87066,27,0
1400,87067,28,0
1400,87068,29,0
1400,87069,30,0
1400,87719,31,0
1400,87071,32,0
1400,87121,33,0
1400,87501,34,0
1400,87720,35,0
1400,87721,36,0
1400,87722,37,0
1400,88001,38,0
1400,88002,39,0
1400,88003,40,0
1400,88004,41,0
1400,87921,42,0
1400,88005,43,0
1400,88006,44,0
1400,88007,45,0
1400,88008,46,0
1400,88009,47,0
1400,88010,48,0
1400,87152,49,0
1400,87862,50,0
1400,87863,51,0
1400,87864,52,0
1400,87865,53,0
1400,87159,54,0
1400,87160,55,0
1400,87161,56,0
1400,87162,57,0
1400,87163,58,0
1400,87164,59,0
1400,87165,60,0
1400,87166,61,0
1400,87167,62,0
1400,87168,63,0
1400,87169,64,0
1400,87170,65,0
1400,87171,66,0
1400,87172,67,0
1400,87173,68,0
1400,87174,69,0
1400,87175,70,0
1400,88504,71,0
1400,88011,72,0
1400,87178,73,0
1400,88013,74,0
1400,87001,75,0
1400,87154,76,0
1400,87155,77,0
1400,87156,78,0
1400,87153,79,0
1400,87019,80,0
1400,87020,81,0
1400,87021,82,0
1400,87022,83,0
1400,87916,84,1
1401,87916,1,0
1401,87157,2,0
1401,87158,3,0
1401,87179,4,0
1401,87902,5,0
1401,87000,6,0
1401,87903,7,0
1401,87002,8,0
1401,87003,9,0
1401,87004,10,0
1401,87005,11,0
1401,87006,12,0
1401,87007,13,0
1401,87008,14,0
1401,87009,15,0
1401,87010,16,0
1401,87011,17,0
1401,87012,18,0
1401,87013,19,0
1401,87014,20,0
1401,87015,21,0
1401,87017,22,0
1401,87018,23,0
1401,87904,24,0
1401,87905,25,0
1401,87024,26,0
1401,87025,27,0
1401,87906,28,0
1401,87907,29,0
1401,87908,30,0
1401,87909,31,0
1401,87910,32,0
1401,87911,33,0
1401,87920,34,0
1401,87912,35,0
1401,87913,36,0
1401,87914,37,0
1401,87915,38,0
1401,87845,39,0
1401,87846,40,0
1401,87847,41,0
1401,87572,42,0
1401,87573,43,0
1401,87066,44,0
1401,87067,45,0
1401,87068,46,0
1401,87069,47,0
1401,87719,48,0
1401,87071,49,0
1401,87121,50,0
1401,87501,51,0
1401,87502,52,0
1401,87503,53,0
1401,87504,54,0
1401,87505,55,0
1401,87506,56,0
1401,87507,57,0
1401,87508,58,0
1401,87509,59,0
1401,87525,60,0
1401,87577,61,0
1401,87522,62,0
1401,87510,63,0
1401,88446,64,0
1401,88501,65,0
1401,87511,66,0
1401,87512,67,0
1401,87524,68,0
1401,87513,69,0
1401,87514,70,0
1401,87515,71,0
1401,87516,72,0
1401,87553,73,0
1401,87554,74,0
1401,87300,75,0
1401,87555,76,1
1500,87555,1,0
1500,87556,2,0
1500,87557,3,0
1500,87558,4,0
1500,87554,5,0
1500,87300,6,0
1500,87301,7,0
1500,88400,8,0
1500,88401,9,0
1500,88402,10,0
1500,88403,11,0
1500,88404,12,0
1500,88405,13,0
1500,88406,14,0
1500,88407,15,0
1500,88408,16,0
1500,88409,17,0
1500,88410,18,0
1500,88411,19,0
1500,88326,20,0
1500,88327,21,0
1500,87218,22,0
1500,87219,23,0
1500,87069,24,0
1500,87719,25,0
1500,87221,26,0
1500,87222,27,0
1500,87223,28,0
1500,87224,29,0
1500,88412,30,0
1500,88439,31,0
1500,88413,32,0
1500,88414,33,0
1500,88415,34,0
1500,88416,35,0
1500,88417,36,0
1500,88418,37,0
1500,88419,38,0
1500,88420,39,0
1500,88421,40,0
1500,88422,41,0
1500,88423,42,0
1500,88424,43,0
1500,88425,44,0
1500,88426,45,0
1500,88427,46,0
1500,88447,47,0
1500,88348,48,0
1500,88448,49,0
1500,88428,50,0
1500,88449,51,0
1500,88429,52,0
1500,87092,53,1
1501,87092,1,0
1501,88345,2,0
1501,88346,3,0
1501,88347,4,0
1501,88435,5,0
1501,88308,6,0
1501,88309,7,0
1501,88310,8,0
1501,88311,9,0
1501,88312,10,0
1501,88313,11,0
1501,88314,12,0
1501,88315,13,0
1501,88316,14,0
1501,88317,15,0
1501,88318,16,0
1501,88319,17,0
1501,88320,18,0
1501,88321,19,0
1501,88322,20,0
1501,88323,21,0
1501,88324,22,0
1501,88325,23,0
1501,88326,24,0
1501,88327,25,0
1501,87218,26,0
1501,87219,27,0
1501,87069,28,0
1501,87719,29,0
1501,87221,30,0
1501,87222,31,0
1501,87223,32,0
1501,87224,33,0
1501,87225,34,0
1501,87226,35,0
1501,87227,36,0
1501,87236,37,0
1501,87228,38,0
1501,87229,39,0
1501,87230,40,0
1501,87231,41,0
1501,87232,42,0
1501,87233,43,0
1501,87234,44,0
1501,87235,45,0
1501,87555,46,1
10000,88643,1,0
10000,88632,2,0
10000,88627,3,0
10000,88625,4,0
10000,88581,5,0
10000,88582,6,0
10000,88583,7,0
10000,88584,8,0
10000,88585,9,0
10000,88586,10,0
10000,88587,11,0
10000,88588,12,0
10000,88589,13,0
10000,88629,14,0
10000,88590,15,0
10000,88591,16,0
10000,87101,17,0
10000,87102,18,0
10000,87519,19,0
10000,87559,20,0
10000,87560,21,0
10000,87574,22,0
10000,87561,23,0
10000,87562,24,0
10000,88502,25,0
10000,88503,26,0
10000,87563,27,0
10000,87576,28,0
10000,87526,29,0
10000,87577,30,0
10000,87564,31,0
10000,87565,32,0
10000,87566,33,0
10000,87567,34,0
10000,87568,35,0
10000,87569,36,0
10000,87570,37,0
10000,87571,38,0
10000,87720,39,0
10000,87721,40,0
10000,87722,41,0
10000,88001,42,0
10000,88002,43,0
10000,88003,44,0
10000,88004,45,0
10000,87921,46,0
10000,88005,47,0
10000,88006,48,0
10000,88007,49,0
10000,88008,50,0
10000,88009,51,0
10000,88010,52,0
10000,87152,53,0
10000,87862,54,0
10000,87863,55,0
10000,87864,56,0
10000,87865,57,0
10000,87159,58,0
10000,87160,59,0
10000,87161,60,0
10000,87162,61,0
10000,87163,62,0
10000,87164,63,0
10000,87165,64,0
10000,87166,65,0
10000,87167,66,0
10000,87168,67,0
10000,87169,68,0
10000,87170,69,0
10000,87171,70,0
10000,87172,71,0
10000,87173,72,0
10000,87174,73,0
10000,87175,74,0
10000,88504,75,0
10000,88011,76,0
10000,87178,77,0
10000,88013,78,0
10000,87001,79,0
10000,87154,80,0
10000,87155,81,0
10000,87156,82,0
10000,87153,83,0
10000,87019,84,0
10000,87020,85,0
10000,87021,86,0
10000,87022,87,0
10000,87916,88,0
10000,87157,89,0
10000,87158,90,1
10001,88013,1,0
10001,87001,2,0
10001,87154,3,0
10001,87155,4,0
10001,87156,5,0
10001,87153,6,0
10001,87019,7,0
10001,87020,8,0
10001,87021,9,0
10001,87022,10,0
10001,87916,11,0
10001,87157,12,0
10001,87158,13,0
10001,87179,14,0
10001,87902,15,0
10001,87000,16,0
10001,87903,17,0
10001,87002,18,0
10001,87003,19,0
10001,87004,20,0
10001,87005,21,0
10001,87006,22,0
10001,87007,23,0
10001,87008,24,0
10001,87009,25,0
10001,87010,26,0
10001,87011,27,0
10001,87012,28,0
10001,87013,29,0
10001,87014,30,0
10001,87015,31,0
10001,87017,32,0
10001,87018,33,0
10001,87904,34,0
10001,87905,35,0
10001,87024,36,0
10001,87025,37,0
10001,87906,38,0
10001,87907,39,0
10001,87908,40,0
10001,87909,41,0
10001,87910,42,0
10001,87911,43,0
10001,87920,44,0
10001,87912,45,0
10001,87913,46,0
10001,87914,47,0
10001,87915,48,0
10001,87845,49,0
10001,87846,50,0
10001,87847,51,0
10001,87502,52,0
10001,87503,53,0
10001,87504,54,0
10001,87505,55,0
10001,87506,56,0
10001,87507,57,0
10001,87508,58,0
10001,87509,59,0
10001,87525,60,0
10001,87577,61,0
10001,87522,62,0
10001,87510,63,0
10001,88446,64,0
10001,88501,65,0
10001,87511,66,0
10001,87512,67,0
10001,87524,68,0
10001,87513,69,0
10001,87514,70,0
10001,87515,71,0
10001,87516,72,0
10001,87553,73,0
10001,87554,74,0
10001,88570,75,0
10001,88571,76,0
10001,88630,77,0
10001,88572,78,0
10001,88573,79,0
10001,88574,80,0
10001,88575,81,0
10001,88576,82,0
10001,88577,83,0
10001,88578,84,0
10001,88579,85,0
10001,88580,86,0
10001,88626,87,0
10001,88628,88,0
10001,88633,89,0
10001,88643,90,1
20000,88643,1,0
20000,87070,2,1
20001,87220,1,0
20001,88633,2,0
20001,88643,3,1
30000,88643,1,0
30000,88632,2,0
30000,88627,3,0
30000,88625,4,0
30000,88608,5,0
30000,88609,6,0
30000,88598,7,0
30000,88621,8,0
30000,88619,9,0
30000,88617,10,0
30000,88671,11,0
30000,88669,12,0
30000,88663,13,0
30000,88658,14,0
30000,87300,15,0
30000,87301,16,0
30000,87302,17,0
30000,87303,18,0
30000,87304,19,0
30000,87305,20,0
30000,87306,21,0
30000,87307,22,0
30000,87308,23,0
30000,87309,24,0
30000,87310,25,0
30000,87311,26,0
30000,87312,27,0
30000,87218,28,0
30000,87219,29,0
30000,87069,30,0
30000,87070,31,0
30000,87221,32,0
30000,87222,33,0
30000,87313,34,0
30000,87314,35,0
30000,87315,36,0
30000,87316,37,0
30000,87317,38,0
30000,87318,39,0
30000,87319,40,0
30000,87320,41,0
30000,87321,42,0
30000,87322,43,0
30000,87323,44,0
30000,87324,45,0
30000,87325,46,0
30000,87326,47,0
30000,87327,48,0
30000,87328,49,0
30000,87329,50,0
30000,87330,51,0
30000,87331,52,0
30000,88432,53,0
30000,87147,54,0
30000,87148,55,0
30000,87149,56,0
30000,87176,57,0
30000,87177,58,1
30001,87092,1,0
30001,87028,2,0
30001,87029,3,0
30001,87030,4,0
30001,87031,5,0
30001,87032,6,0
30001,87201,7,0
30001,87202,8,0
30001,87203,9,0
30001,87204,10,0
30001,87205,11,0
30001,87206,12,0
30001,87207,13,0
30001,87208,14,0
30001,87209,15,0
30001,87210,16,0
30001,87211,17,0
30001,87212,18,0
30001,87213,19,0
30001,87214,20,0
30001,87215,21,0
30001,87216,22,0
30001,87217,23,0
30001,87218,24,0
30001,87219,25,0
30001,87069,26,0
30001,87220,27,0
30001,87221,28,0
30001,87222,29,0
30001,87223,30,0
30001,87224,31,0
30001,87225,32,0
30001,87226,33,0
30001,87227,34,0
30001,87236,35,0
30001,87228,36,0
30001,87229,37,0
30001,87230,38,0
30001,87231,39,0
30001,87232,40,0
30001,87233,41,0
30001,87234,42,0
30001,87235,43,0
30001,87100,44,0
30001,88659,45,0
30001,88664,46,0
30001,88670,47,0
30001,88672,48,0
30001,88618,49,0
30001,88620,50,0
30001,88622,51,0
30001,88599,52,0
30001,88595,53,0
30001,88597,54,0
30001,88626,55,0
30001,88628,56,0
30001,88633,57,0
30001,88643,58,1
40000,88643,1,0
40000,88632,2,0
40000,88627,3,0
40000,88625,4,0
40000,88581,5,0
40000,88582,6,0
40000,88583,7,0
40000,88584,8,0
40000,88585,9,0
40000,88586,10,0
40000,88587,11,0
40000,88588,12,0
40000,88589,13,0
40000,88629,14,0
40000,88590,15,0
40000,88591,16,0
40000,87300,17,0
40000,87301,18,0
40000,87302,19,0
40000,87303,20,0
40000,87304,21,0
40000,87305,22,0
40000,87306,23,0
40000,87307,24,0
40000,87308,25,0
40000,87309,26,0
40000,87310,27,0
40000,87311,28,0
40000,87312,29,0
40000,87218,30,0
40000,87219,31,0
40000,87069,32,0
40000,87070,33,0
40000,87221,34,0
40000,87222,35,0
40000,87313,36,0
40000,87314,37,0
40000,87315,38,0
40000,87316,39,0
40000,87317,40,0
40000,87318,41,0
40000,87319,42,0
40000,87320,43,0
40000,87321,44,0
40000,87322,45,0
40000,87323,46,0
40000,87324,47,0
40000,87325,48,0
40000,87326,49,0
40000,87327,50,0
40000,87328,51,0
40000,87329,52,0
40000,87330,53,0
40000,87331,54,0
40000,88432,55,0
40000,87147,56,0
40000,87148,57,0
40000,87149,58,0
40000,87176,59,0
40000,87177,60,0
40000,87150,61,0
40000,87151,62,0
40000,87152,63,0
40000,87862,64,0
40000,87863,65,0
40000,87864,66,0
40000,87865,67,0
40000,87159,68,0
40000,87160,69,0
40000,87161,70,0
40000,87162,71,0
40000,87700,72,1
40001,87700,1,0
40001,87014,2,0
40001,87015,3,0
40001,87017,4,0
40001,87018,5,0
40001,87904,6,0
40001,87905,7,0
40001,87024,8,0
40001,87025,9,0
40001,87026,10,0
40001,87027,11,0
40001,87092,12,0
40001,87028,13,0
40001,87029,14,0
40001,87030,15,0
40001,87031,16,0
40001,87032,17,0
40001,87201,18,0
40001,87202,19,0
40001,87203,20,0
40001,87204,21,0
40001,87205,22,0
40001,87206,23,0
40001,87207,24,0
40001,87208,25,0
40001,87209,26,0
40001,87210,27,0
40001,87211,28,0
40001,87212,29,0
40001,87213,30,0
40001,87214,31,0
40001,87215,32,0
40001,87216,33,0
40001,87217,34,0
40001,87218,35,0
40001,87219,36,0
40001,87069,37,0
40001,87220,38,0
40001,87221,39,0
40001,87222,40,0
40001,87600,41,0
40001,88337,42,0
40001,88328,43,0
40001,88329,44,0
40001,88330,45,0
40001,87290,46,0
40001,88331,47,0
40001,88332,48,0
40001,88333,49,0
40001,88334,50,0
40001,88335,51,0
40001,88336,52,0
40001,87235,53,0
40001,87100,54,0
40001,88570,55,0
40001,88571,56,0
40001,88630,57,0
40001,88572,58,0
40001,88573,59,0
40001,88574,60,0
40001,88575,61,0
40001,88576,62,0
40001,88577,63,0
40001,88578,64,0
40001,88579,65,0
40001,88580,66,0
40001,88626,67,0
40001,88628,68,0
40001,88633,69,0
40001,88643,70,1
2000100,87761,1,0
2000100,87555,2,1
