'ASSO-H26-ASGTFS-Fête-1-01',100,91000,,'',0,20000,,'',0,20000,,'',0,20000,,'',0,20000,,'',0,20000,,'',0,20000,,'',0,19800,,'',0
'ASSO-H26-ASGTFS-Fête-1-01',101,85700,4,'',0,20000,4,'',0,19700,4,'',0,20000,4,'',0,20000,4,'',0,20000,4,'',0,20200,4,'',0,20000,4,'',0
'ASSO-H26-ASGTFS-Fête-2-01',100,65800,,'',0,10000,,'',0,6000,,'',0,3700,,'',0,10000,,'',0,10000,,'',0,16100,,'',0,10000,,'',0,10000,,'',0,9300,,'',0,10000,,'',0,9500,,'',0,10600,,'',0,10100,,'',0,19500,,'',0,19900,,'',0
'ASSO-H26-ASGTFS-Fête-2-01',101,65200,4,'',0,9200,4,'',0,10200,4,'',0,10200,4,'',0,10000,4,'',0,10000,4,'',0,10500,4,'',0,10400,4,'',0,10000,4,'',0,10100,4,'',0,9300,4,'',0,7900,4,'',0,2800,4,'',0,10000,4,'',0,19400,4,'',0,19600,4,'',0
'ASSO-H26-ASGTFS-Semaine-01',100,65800,,'',0,10000,,'',0,6000,,'',0,3700,,'',0,10000,,'',0,10000,,'',0,16100,,'',0,10000,,'',0,10000,,'',0,9300,,'',0,10000,,'',0,9500,,'',0,10600,,'',0,10100,,'',0,19500,,'',0,19900,,'',0
'ASSO-H26-ASGTFS-Semaine-01',101,65200,4,'',0,9200,4,'',0,10200,4,'',0,10200,4,'',0,10000,4,'',0,10000,4,'',0,10500,4,'',0,10400,4,'',0,10000,4,'',0,10100,4,'',0,9300,4,'',0,7900,4,'',0,2800,4,'',0,10000,4,'',0,19400,4,'',0,19600,4,'',0
'ASSO-H26-ASGTFS-Week-end-01',100,91000,,'',0,20000,,'',0,20000,,'',0,20000,,'',0,20000,,'',0,20000,,'',0,20000,,'',0,19800,,'',0
'ASSO-H26-ASGTFS-Week-end-01',101,85700,4,'',0,20000,4,'',0,19700,4,'',0,20000,4,'',0,20000,4,'',0,20000,4,'',0,20200,4,'',0,20000,4,'',0
'ASSO-H26-ASGTFS-Fête-1-01',800,91000,,'',0,20000,,'',0,20000,,'',0,20000,,'',0,20000,,'',0,20000,,'',0,20000,,'',0,19800,,'',0
'ASSO-H26-ASGTFS-Fête-1-01',801,85700,4,'',0,20000,4,'',0,19600,4,'',0,20000,4,'',0,20000,4,'',0,20000,4,'',0,20200,4,'',0,20000,4,'',0
'ASSO-H26-ASGTFS-Fête-2-01',800,63500,,'',0,10500,,'',0,8000,,'',0,3600,,'',0,9900,,'',0,10000,,'',0,14500,,'',0,10000,,'',0,10500,,'',0,10400,,'',0,10000,,'',0,9700,,'',0,11200,,'',0,9200,,'',0,19600,,'',0,19800,,'',0
'ASSO-H26-ASGTFS-Fête-2-01',801,64700,4,'',0,18900,4,'',0,11200,4,'',0,10000,4,'',0,10300,4,'',0,10300,4,'',0,10400,4,'',0,10100,4,'',0,9700,4,'',0,14400,4,'',0,2900,4,'',0,2800,4,'',0,10100,4,'',0,19300,4,'',0,20000,4,'',0
'ASSO-H26-ASGTFS-Semaine-01',800,63500,,'',0,10500,,'',0,8000,,'',0,3600,,'',0,9900,,'',0,10000,,'',0,14500,,'',0,10000,,'',0,10500,,'',0,10400,,'',0,10000,,'',0,9700,,'',0,11200,,'',0,9200,,'',0,19600,,'',0,19800,,'',0
'ASSO-H26-ASGTFS-Semaine-01',801,64700,4,'',0,18900,4,'',0,11200,4,'',0,10000,4,'',0,10300,4,'',0,10300,4,'',0,10400,4,'',0,10100,4,'',0,9700,4,'',0,14400,4,'',0,2900,4,'',0,2800,4,'',0,10100,4,'',0,19300,4,'',0,20000,4,'',0
'ASSO-H26-ASGTFS-Week-end-01',800,91000,,'',0,20000,,'',0,20000,,'',0,20000,,'',0,20000,,'',0,20000,,'',0,20000,,'',0,19800,,'',0
'ASSO-H26-ASGTFS-Week-end-01',801,85700,4,'',0,20000,4,'',0,19600,4,'',0,20000,4,'',0,20000,4,'',0,20000,4,'',0,20200,4,'',0,20000,4,'',0
'ASSO-H26-ASGTFS-Fête-1-01',900,55200,,'',0,15800,,'',0,20000,,'',0,20000,,'',0,20000,,'',0,20000,,'',0,20000,,'',0,20000,,'',0,20000,,'',0,19800,,'',0
'ASSO-H26-ASGTFS-Fête-1-01',901,85800,4,'',0,20000,4,'',0,19800,4,'',0,20000,4,'',0,19900,4,'',0,20000,4,'',0,20100,4,'',0,19900,4,'',0,19800,4,'',0
'ASSO-H26-ASGTFS-Fête-2-01',900,44500,,'',0,10500,,'',0,7400,,'',0,7600,,'',0,5500,,'',0,10100,,'',0,10000,,'',0,9900,,'',0,15000,,'',0,10400,,'',0,9600,,'',0,10000,,'',0,11400,,'',0,8500,,'',0,10400,,'',0,10000,,'',0,9800,,'',0,10000,,'',0,10000,,'',0,10000,,'',0
'ASSO-H26-ASGTFS-Fête-2-01',901,61900,4,'',0,3400,4,'',0,10400,4,'',0,9300,4,'',0,9900,4,'',0,10000,4,'',0,10000,4,'',0,10000,4,'',0,10800,4,'',0,10000,4,'',0,10000,4,'',0,10100,4,'',0,14800,4,'',0,2100,4,'',0,2800,4,'',0,9600,4,'',0,10000,4,'',0,10000,4,'',0,9700,4,'',0,10000,4,'',0,9900,4,'',0
'ASSO-H26-ASGTFS-Semaine-01',900,44500,,'',0,10500,,'',0,7400,,'',0,7600,,'',0,5500,,'',0,10100,,'',0,10000,,'',0,9900,,'',0,15000,,'',0,10400,,'',0,9600,,'',0,10000,,'',0,11400,,'',0,8500,,'',0,10400,,'',0,10000,,'',0,9800,,'',0,10000,,'',0,10000,,'',0,10000,,'',0
'ASSO-H26-ASGTFS-Semaine-01',901,61900,4,'',0,3400,4,'',0,10400,4,'',0,9300,4,'',0,9900,4,'',0,10000,4,'',0,10000,4,'',0,10000,4,'',0,10800,4,'',0,10000,4,'',0,10000,4,'',0,10100,4,'',0,14800,4,'',0,2100,4,'',0,2800,4,'',0,9600,4,'',0,10000,4,'',0,10000,4,'',0,9700,4,'',0,10000,4,'',0,9900,4,'',0
'ASSO-H26-ASGTFS-Week-end-01',900,55200,,'',0,15800,,'',0,20000,,'',0,20000,,'',0,20000,,'',0,20000,,'',0,20000,,'',0,20000,,'',0,20000,,'',0,19800,,'',0
'ASSO-H26-ASGTFS-Week-end-01',901,85800,4,'',0,20000,4,'',0,19800,4,'',0,20000,4,'',0,19900,4,'',0,20000,4,'',0,20100,4,'',0,19900,4,'',0,19800,4,'',0
'ASSO-H26-ASGTFS-Fête-1-01',1400,71000,,'',0,20000,,'',0,20000,,'',0,20000,,'',0,20000,,'',0,20000,,'',0,20000,,'',0,20000,,'',0,19800,,'',0,20000,,'',0
'ASSO-H26-ASGTFS-Fête-1-01',1401,65700,4,'',0,20000,4,'',0,20000,4,'',0,19800,4,'',0,20000,4,'',0,20000,4,'',0,20000,4,'',0,20200,4,'',0,20000,4,'',0
'ASSO-H26-ASGTFS-Fête-2-01',1400,62500,,'',0,3300,,'',0,9200,,'',0,10500,,'',0,10300,,'',0,15100,,'',0,10000,,'',0,10000,,'',0,10000,,'',0,10000,,'',0,10000,,'',0,11000,,'',0,9000,,'',0,10200,,'',0,19500,,'',0,19800,,'',0,15500,,'',0
'ASSO-H26-ASGTFS-Fête-2-01',1401,65100,4,'',0,9000,4,'',0,10500,4,'',0,10500,4,'',0,10000,4,'',0,10000,4,'',0,9900,4,'',0,10000,4,'',0,10000,4,'',0,10400,4,'',0,10200,4,'',0,5600,4,'',0,4700,4,'',0,9700,4,'',0,19500,4,'',0,20300,4,'',0
'ASSO-H26-ASGTFS-Semaine-01',1400,62500,,'',0,3300,,'',0,9200,,'',0,10500,,'',0,10300,,'',0,15100,,'',0,10000,,'',0,10000,,'',0,10000,,'',0,10000,,'',0,10000,,'',0,11000,,'',0,9000,,'',0,10200,,'',0,19500,,'',0,19800,,'',0,15500,,'',0
'ASSO-H26-ASGTFS-Semaine-01',1401,65100,4,'',0,9000,4,'',0,10500,4,'',0,10500,4,'',0,10000,4,'',0,10000,4,'',0,9900,4,'',0,10000,4,'',0,10000,4,'',0,10400,4,'',0,10200,4,'',0,5600,4,'',0,4700,4,'',0,9700,4,'',0,19500,4,'',0,20300,4,'',0
'ASSO-H26-ASGTFS-Week-end-01',1400,71000,,'',0,20000,,'',0,20000,,'',0,20000,,'',0,20000,,'',0,20000,,'',0,20000,,'',0,20000,,'',0,19800,,'',0,20000,,'',0
'ASSO-H26-ASGTFS-Week-end-01',1401,65700,4,'',0,20000,4,'',0,20000,4,'',0,19800,4,'',0,20000,4,'',0,20000,4,'',0,20000,4,'',0,20200,4,'',0,20000,4,'',0
'ASSO-H26-ASGTFS-Fête-1-01',1500,90500,,'',1,10000,,'',1,10000,,'',1,10000,,'',1,10000,,'',1,10000,,'',1,10000,,'',1,10000,,'',1,10000,,'',1,10000,,'',1,10000,,'',1,20000,,'',1,20000,,'',1
'ASSO-H26-ASGTFS-Fête-1-01',1501,85700,4,'',1,10000,4,'',1,10000,4,'',1,10000,4,'',1,10000,4,'',1,10000,4,'',1,9800,4,'',1,10000,4,'',1,10000,4,'',1,10000,4,'',1,10000,4,'',1,20200,4,'',1,20000,4,'',1
'ASSO-H26-ASGTFS-Fête-2-01',1500,70500,,'',1,5100,,'',1,9900,,'',1,10000,,'',1,10000,,'',1,14800,,'',1,5500,,'',1,10000,,'',1,10000,,'',1,14700,,'',1,10500,,'',1,9800,,'',1,10200,,'',1,19400,,'',1,20200,,'',1
'ASSO-H26-ASGTFS-Fête-2-01',1501,65500,4,'',1,9600,4,'',1,9800,4,'',1,9800,4,'',1,10000,4,'',1,10500,4,'',1,10100,4,'',1,10000,4,'',1,10000,4,'',1,9900,4,'',1,10100,4,'',1,10400,4,'',1,9100,4,'',1,20500,4,'',1,19800,4,'',1
'ASSO-H26-ASGTFS-Semaine-01',1500,70500,,'',1,5100,,'',1,9900,,'',1,10000,,'',1,10000,,'',1,14800,,'',1,5500,,'',1,10000,,'',1,10000,,'',1,14700,,'',1,10500,,'',1,9800,,'',1,10200,,'',1,19400,,'',1,20200,,'',1
'ASSO-H26-ASGTFS-Semaine-01',1501,65500,4,'',1,9600,4,'',1,9800,4,'',1,9800,4,'',1,10000,4,'',1,10500,4,'',1,10100,4,'',1,10000,4,'',1,10000,4,'',1,9900,4,'',1,10100,4,'',1,10400,4,'',1,9100,4,'',1,20500,4,'',1,19800,4,'',1
'ASSO-H26-ASGTFS-Week-end-01',1500,90500,,'',1,10000,,'',1,10000,,'',1,10000,,'',1,10000,,'',1,10000,,'',1,10000,,'',1,10000,,'',1,10000,,'',1,10000,,'',1,10000,,'',1,20000,,'',1,20000,,'',1
'ASSO-H26-ASGTFS-Week-end-01',1501,85700,4,'',1,10000,4,'',1,10000,4,'',1,10000,4,'',1,10000,4,'',1,10000,4,'',1,9800,4,'',1,10000,4,'',1,10000,4,'',1,10000,4,'',1,10000,4,'',1,20200,4,'',1,20000,4,'',1
