'ASSO-A25-ASBUS-Fête-2-02',600,54300,4,'',0,10900,4,'',0,20700,4,'',0
'ASSO-A25-ASBUS-Fête-2-02',601,170100,0,'Épiphanie',0,5500,0,'Épiphanie',0,8000,0,'Repentigny',0,9300,0,'Repentigny',0
'ASSO-A25-ASBUS-Semaine-01',600,54300,4,'',0,10900,4,'',0,20700,4,'',0
'ASSO-A25-ASBUS-Semaine-01',601,170100,0,'Épiphanie',0,5500,0,'Épiphanie',0,8000,0,'Repentigny',0,9300,0,'Repentigny',0
'ASSO-A25-ASBUS-Fête-1-03',800,94800,4,'',0,20100,4,'',0,20000,4,'',0,20000,4,'',0,20100,4,'',0,19700,4,'',0,19900,4,'',0,19800,4,'',0
'ASSO-A25-ASBUS-Fête-1-03',801,81800,,'',0,20000,,'',0,19600,,'',0,20000,,'',0,20000,,'',0,20000,,'',0,20200,,'',0,20000,,'',0
'ASSO-A25-ASBUS-Fête-2-02',800,71200,4,'',0,11100,4,'',0,11400,4,'',0,9900,4,'',0,10000,4,'',0,10500,4,'',0,9800,4,'',0,10500,4,'',0,10600,4,'',0,10300,4,'',0,9000,4,'',0,11100,4,'',0,9200,4,'',0,19200,4,'',0,19900,4,'',0
'ASSO-A25-ASBUS-Fête-2-02',801,75300,,'',0,15200,,'',0,10000,,'',0,10300,,'',0,10300,,'',0,10400,,'',0,10100,,'',0,9500,,'',0,10400,,'',0,10000,,'',0,10000,,'',0,19500,,'',0,20100,,'',0
'ASSO-A25-ASBUS-Semaine-01',800,71200,4,'',0,11100,4,'',0,7900,4,'',0,3500,4,'',0,9900,4,'',0,10000,4,'',0,10500,4,'',0,9800,4,'',0,10500,4,'',0,10600,4,'',0,10300,4,'',0,9000,4,'',0,11100,4,'',0,9200,4,'',0,19200,4,'',0,19900,4,'',0
'ASSO-A25-ASBUS-Semaine-01',801,75300,,'',0,15200,,'',0,10000,,'',0,10300,,'',0,10300,,'',0,10400,,'',0,10100,,'',0,9500,,'',0,10400,,'',0,2900,,'',0,7100,,'',0,10000,,'',0,19500,,'',0,20100,,'',0
'ASSO-A25-ASBUS-Week-end-02',800,94800,4,'',0,20100,4,'',0,20000,4,'',0,20000,4,'',0,20100,4,'',0,19700,4,'',0,19900,4,'',0,19800,4,'',0
'ASSO-A25-ASBUS-Week-end-02',801,81800,,'',0,20000,,'',0,19600,,'',0,20000,,'',0,20000,,'',0,20000,,'',0,20200,,'',0,20000,,'',0
'ASSO-A25-ASBUS-Fête-1-03',1100,100800,4,'',0,20000,4,'',0,20000,4,'',0,20000,4,'',0,20000,4,'',0,20000,4,'',0,20000,4,'',0,19800,4,'',0
'ASSO-A25-ASBUS-Fête-1-03',1101,80700,,'',0,19800,,'',0,20000,,'',0,20000,,'',0,20000,,'',0,20000,,'',0,20000,,'',0,20000,,'',0
'ASSO-A25-ASBUS-Fête-2-02',1100,71000,4,'',0,10200,4,'',0,10800,4,'',0,2400,4,'',0,9600,4,'',0,11200,4,'',0,10000,4,'',0,8800,4,'',0,10000,4,'',0,10100,4,'',0,11100,4,'',0,15400,4,'',0,4900,4,'',0,9100,4,'',0,10000,4,'',0,9200,4,'',0,10000,4,'',0,10000,4,'',0,9800,4,'',0
'ASSO-A25-ASBUS-Fête-2-02',1101,72500,,'',0,13300,,'',0,10000,,'',0,10000,,'',0,10000,,'',0,10000,,'',0,10000,,'',0,10000,,'',0,10000,,'',0,15700,,'',0,10000,,'',0,8500,,'',0,5800,,'',0,10000,,'',0,10000,,'',0,10000,,'',0
'ASSO-A25-ASBUS-Semaine-01',1100,71000,4,'',0,10200,4,'',0,10800,4,'',0,2400,4,'',0,9600,4,'',0,11200,4,'',0,10000,4,'',0,8800,4,'',0,10000,4,'',0,10100,4,'',0,11100,4,'',0,7700,4,'',0,7700,4,'',0,2500,4,'',0,2400,4,'',0,6200,4,'',0,2900,4,'',0,10000,4,'',0,9200,4,'',0,10000,4,'',0,10000,4,'',0,9800,4,'',0
'ASSO-A25-ASBUS-Semaine-01',1101,72500,,'',0,13300,,'',0,10000,,'',0,10000,,'',0,10000,,'',0,10000,,'',0,10000,,'',0,10000,,'',0,10000,,'',0,8200,,'',0,7500,,'',0,10000,,'',0,8500,,'',0,5800,,'',0,10000,,'',0,10000,,'',0,10000,,'',0
'ASSO-A25-ASBUS-Week-end-02',1100,100800,4,'',0,20000,4,'',0,20000,4,'',0,20000,4,'',0,20000,4,'',0,20000,4,'',0,20000,4,'',0,19800,4,'',0
'ASSO-A25-ASBUS-Week-end-02',1101,80700,,'',0,19800,,'',0,20000,,'',0,20000,,'',0,20000,,'',0,20000,,'',0,20000,,'',0,20000,,'',0
'ASSO-A25-ASBUS-Fête-2-02',40000,73200,4,'',0,11600,4,'',0,6400,4,'',0
'ASSO-A25-ASBUS-Fête-2-02',40001,164000,,'',0,6500,,'',0,11000,,'',0
'ASSO-A25-ASBUS-Semaine-01',40000,73200,4,'',0,11600,4,'',0,6400,4,'',0
'ASSO-A25-ASBUS-Semaine-01',40001,164000,,'',0,6500,,'',0,11000,,'',0
