100,'Fête-1-01',1000,,1,600,4,,0,200,,2,600,4,,0,200,,3,600,4,,0,200,,4,600,4,,0,200,,5,600,4,,0,200,,6,600,4,,0,200,,7,600,4,,0,158,,8,600,4,,0
100,'Week-end-01',1000,,45,600,4,,0,200,,46,600,4,,0,200,,47,600,4,,0,200,,48,600,4,,0,200,,49,600,4,,0,200,,50,600,4,,0,200,,51,600,4,,0,158,,52,600,4,,0
101,'Fête-1-01',808,,53,10,,,0,200,,54,10,,,0,197,,55,10,,,0,200,,56,10,,,0,200,,57,10,,,0,200,,58,10,,,0,202,,59,10,,,0,200,,60,10,,,0
101,'Week-end-01',808,,95,10,,,0,200,,96,10,,,0,197,,97,10,,,0,200,,98,10,,,0,200,,99,10,,,0,200,,100,10,,,0,202,,101,10,,,0,200,,102,10,,,0
200,'Fête-2-01',456,,107,10,,,0,144,,108,10,,,0,45,,109,10,,,0,376,,110,10,0,8,0,134,,104,10,,,0,348,,111,10,0,8,0,130,,105,10,,,0,180,,106,10,,,0,125,,103,10,0,8,0
200,'Semaine-01',456,,116,10,,,0,144,,117,10,,,0,45,,118,10,,,0,376,,119,10,0,8,0,134,,113,10,,,0,348,,120,10,0,8,0,130,,114,10,,,0,180,,115,10,,,0,125,,112,10,0,8,0
201,'Fête-2-01',552,,128,320,4,,0,103,,129,320,4,,0,101,,123,400,4,,0,157,,121,400,4,,0,205,,126,270,4,,0,207,,124,400,4,,0,278,,127,270,4,,0,209,,125,400,4,,0,121,,122,400,4,,0
201,'Semaine-01',552,,137,320,4,,0,103,,138,320,4,,0,101,,132,400,4,,0,157,,130,400,4,,0,205,,135,270,4,,0,207,,133,400,4,,0,278,,136,270,4,,0,209,,134,400,4,,0,121,,131,400,4,,0
601,'Fête-2-01',1834,,158,380,4,,0,81,,159,380,4,,0
601,'Semaine-01',1834,,162,380,4,,0,81,,163,380,4,,0
801,'Fête-1-01',828,,215,130,,,0,200,,216,130,,,0,196,,217,130,,,0,200,,218,130,,,0,200,,219,130,,,0,200,,220,130,,,0,202,,221,130,,,0,200,,222,130,,,0
801,'Fête-2-01',616,,237,10,,,0,188,,230,130,,,0,112,,231,130,,,0,100,,232,130,,,0,103,,233,130,,,0,103,,234,130,,,0,104,,235,130,,,0,101,,236,130,,,0,95,,223,130,,,0,104,,224,130,,,0,29,,225,140,,,0,68,,226,130,,,0,102,,227,130,,,0,195,,228,130,,,0,201,,229,130,,,0
801,'Semaine-01',616,,252,10,,,0,188,,245,130,,,0,112,,246,130,,,0,100,,247,130,,,0,103,,248,130,,,0,103,,249,130,,,0,104,,250,130,,,0,101,,251,130,,,0,95,,238,130,,,0,104,,239,130,,,0,29,,240,140,,,0,68,,241,130,,,0,102,,242,130,,,0,195,,243,130,,,0,201,,244,130,,,0
801,'Week-end-01',828,,253,130,,,0,200,,254,130,,,0,196,,255,130,,,0,200,,256,130,,,0,200,,257,130,,,0,200,,258,130,,,0,202,,259,130,,,0,200,,260,130,,,0
30001,'Fête-2-01',436,,800,10,,,0,65,,794,10,,,0,35,,795,10,,,0,69,,798,10,,,0,20,,796,10,,,0,75,,799,10,,,0,30,,797,10,,,0
30001,'Semaine-01',436,,807,10,,,0,65,,801,10,,,0,35,,802,10,,,0,69,,805,10,,,0,20,,803,10,,,0,75,,806,10,,,0,30,,804,10,,,0
40001,'Fête-1-01',629,,928,10,,,0,106,,929,10,,,0,99,,930,10,,,0,100,,931,10,,,0,99,,932,10,,,0,100,,933,10,,,0,100,,934,10,,,0,96,,935,10,,,0,99,,936,10,,,0,103,,937,10,,,0,100,,938,10,,,0,100,,939,10,,,0,100,,940,10,,,0,101,,941,10,,,0,100,,942,10,,,0,100,,943,10,,,0,102,,944,10,,,0,102,,945,10,,,0,100,,946,10,,,0
40001,'Fête-2-01',421,,989,10,,,0,23,,990,10,,,0,70,,983,10,,,0,30,,985,10,,,0,10,,986,10,,,0,60,,966,10,,,0,20,,987,10,,,0,15,,988,10,,,0,70,,978,10,,,0,30,,979,10,,,0,10,,984,10,,,0,70,,980,10,,,0,100,,981,10,,,0,77,,953,10,,,0,23,,982,10,,,0,100,,967,10,,,0,78,,947,10,,,0,22,,968,10,,,0,105,,969,10,,,0,99,,970,10,,,0,20,,955,10,,,0,80,,971,10,,,0,102,,991,10,,,0,66,,992,130,,,0,28,,964,130,,,0,72,,954,10,,,0,25,,965,130,,,0,32,,951,10,,,0,71,,972,10,,,0,101,,973,10,,,0,102,,974,10,,,0,96,,975,10,,,0,100,,976,10,,,0,104,,977,10,,,0
40001,'Semaine-01',421,,1036,10,,,0,23,,1037,10,,,0,70,,1030,10,,,0,30,,1032,10,,,0,10,,1033,10,,,0,60,,1013,10,,,0,20,,1034,10,,,0,15,,1035,10,,,0,70,,1025,10,,,0,30,,1026,10,,,0,10,,1031,10,,,0,70,,1027,10,,,0,100,,1028,10,,,0,77,,999,10,,,0,23,,1029,10,,,0,100,,1014,10,,,0,78,,993,10,,,0,22,,1015,10,,,0,105,,1016,10,,,0,99,,1017,10,,,0,20,,1001,10,,,0,80,,1018,10,,,0,102,,1038,10,,,0,66,,1039,130,,,0,28,,1011,130,,,0,72,,1000,10,,,0,25,,1012,130,,,0,32,,997,10,,,0,71,,1019,10,,,0,101,,1020,10,,,0,102,,1021,10,,,0,96,,1022,10,,,0,100,,1023,10,,,0,104,,1024,10,,,0
40001,'Week-end-01',629,,1040,10,,,0,106,,1041,10,,,0,99,,1042,10,,,0,100,,1043,10,,,0,99,,1044,10,,,0,100,,1045,10,,,0,100,,1046,10,,,0,96,,1047,10,,,0,99,,1048,10,,,0,103,,1049,10,,,0,100,,1050,10,,,0,100,,1051,10,,,0,100,,1052,10,,,0,101,,1053,10,,,0,100,,1054,10,,,0,100,,1055,10,,,0,102,,1056,10,,,0,102,,1057,10,,,0,100,,1058,10,,,0
