1101,'Fête-1-01',814,,439,120,,,0,198,,440,120,,,0,200,,441,120,,,0,200,,442,120,,,0,200,,443,120,,,0,200,,444,120,,,0,200,,445,120,,,0,200,,446,120,,,0
1101,'Fête-2-01',733,,448,120,,,0,173,,456,120,,,0,100,,457,120,,,0,99,,458,120,,,0,100,,459,120,,,0,100,,460,120,,,0,101,,461,120,,,0,100,,462,120,,,0,100,,463,120,,,0,116,,449,120,,,0,100,,450,120,,,0,85,,451,120,,,0,98,,452,120,,,0,101,,453,120,,,0,100,,454,120,,,0,100,,455,120,,,0
1101,'Semaine-01',733,,468,120,,,0,173,,476,120,,,0,100,,477,120,,,0,99,,478,120,,,0,100,,479,120,,,0,100,,480,120,,,0,101,,481,120,,,0,100,,482,120,,,0,100,,483,120,,,0,41,,486,120,,,0,75,,469,120,,,0,100,,470,120,,,0,85,,471,120,,,0,98,,472,120,,,0,101,,473,120,,,0,100,,474,120,,,0,100,,475,120,,,0
1101,'Week-end-01',814,,488,120,,,0,198,,489,120,,,0,200,,490,120,,,0,200,,491,120,,,0,200,,492,120,,,0,200,,493,120,,,0,200,,494,120,,,0,200,,495,120,,,0
1401,'Fête-1-01',627,,550,290,,,0,200,,551,290,,,0,200,,552,290,,,0,198,,553,290,,,0,200,,554,290,,,0,196,,555,290,,,0,200,,556,290,,,0,206,,557,290,,,0,200,,558,290,,,0
1401,'Fête-2-01',618,,560,290,,,0,87,,567,290,,,0,104,,568,290,,,0,106,,569,290,,,0,100,,570,290,,,0,100,,571,290,,,0,99,,572,290,,,0,100,,573,290,,,0,100,,574,290,,,0,101,,561,290,,,0,100,,562,290,,,0,30,,559,290,,,0,73,,563,290,,,0,103,,564,290,,,0,195,,565,290,,,0,203,,566,290,,,0
1401,'Semaine-01',618,,577,290,,,0,87,,584,290,,,0,38,,576,290,,,0,66,,585,290,,,0,106,,586,290,,,0,100,,587,290,,,0,100,,588,290,,,0,99,,589,290,,,0,100,,590,290,,,0,100,,591,290,,,0,101,,578,290,,,0,100,,579,290,,,0,30,,575,290,,,0,73,,580,290,,,0,103,,581,290,,,0,195,,582,290,,,0,203,,583,290,,,0
1401,'Week-end-01',627,,592,290,,,0,200,,593,290,,,0,200,,594,290,,,0,198,,595,290,,,0,200,,596,290,,,0,196,,597,290,,,0,200,,598,290,,,0,206,,599,290,,,0,200,,600,290,,,0
10001,'Fête-2-01',443,,730,120,,,0,70,,726,390,,,0,88,,729,390,,,0,37,,727,390,,,0,71,,728,390,,,0
10001,'Semaine-01',443,,737,120,,,0,70,,732,390,,,0,88,,735,390,,,0,37,,733,390,,,0,71,,734,390,,,0
