100,'Fête-2-01',738,,10,310,,,0,101,,20,550,,,0,20,,9,310,,,0,83,,11,600,,,0,100,,12,600,,,0,100,,13,600,,,0,161,,14,600,,,0,101,,15,600,,,0,100,,16,600,,,0,53,,22,600,,,0,101,,17,600,,,0,94,,18,600,,,0,106,,23,600,,,0,101,,24,600,,,0,195,,25,600,,,0,197,,26,600,,,0
100,'Semaine-01',738,,28,310,,,0,101,,38,550,,,0,20,,27,310,,,0,83,,29,600,,,0,100,,30,600,,,0,100,,31,600,,,0,161,,32,600,,,0,101,,33,600,,,0,100,,34,600,,,0,53,,40,600,,,0,101,,35,600,,,0,94,,36,600,,,0,106,,41,600,,,0,101,,42,600,,,0,195,,43,600,,,0,197,,44,600,,,0
200,'Fête-2-01',1028,,110,80,0,8,0,174,,104,80,,,0,308,,111,80,0,8,0,130,,105,80,,,0,179,,106,80,,,0
200,'Semaine-01',1028,,119,80,0,8,0,174,,113,80,,,0,308,,120,80,0,8,0,130,,114,80,,,0,179,,115,80,,,0
800,'Fête-1-01',944,,165,510,,,0,201,,166,510,,,0,200,,167,510,,,0,200,,168,510,,,0,201,,169,510,,,0,197,,170,510,,,0,199,,171,510,,,0,198,,172,510,,,0
800,'Fête-2-01',708,,174,510,,,0,32,,173,340,,,0,78,,175,510,,,0,39,,189,510,,,0,75,,184,510,,,0,99,,185,510,,,0,100,,176,510,,,0,105,,177,510,,,0,99,,186,510,,,0,105,,187,510,,,0,105,,188,510,,,0,102,,178,510,,,0,92,,179,510,,,0,111,,180,510,,,0,92,,181,510,,,0,195,,182,510,,,0,197,,183,510,,,0
800,'Semaine-01',708,,191,510,,,0,32,,190,340,,,0,78,,192,510,,,0,39,,206,510,,,0,75,,201,510,,,0,99,,202,510,,,0,100,,193,510,,,0,105,,194,510,,,0,99,,203,510,,,0,105,,204,510,,,0,105,,205,510,,,0,102,,195,510,,,0,92,,196,510,,,0,111,,197,510,,,0,92,,198,510,,,0,195,,199,510,,,0,197,,200,510,,,0
800,'Week-end-01',944,,207,510,,,0,201,,208,510,,,0,200,,209,510,,,0,200,,210,510,,,0,201,,211,510,,,0,197,,212,510,,,0,199,,213,510,,,0,198,,214,510,,,0
1100,'Fête-1-01',950,,381,470,,,0,200,,382,470,,,0,200,,383,470,,,0,200,,384,470,,,0,200,,385,470,,,0,200,,386,470,,,0,200,,387,470,,,0,198,,388,470,,,0
1100,'Fête-2-01',639,,407,470,,,0,101,,390,470,,,0,103,,398,470,,,0,77,,399,470,,,0,100,,400,470,,,0,112,,401,470,,,0,100,,402,470,,,0,88,,403,470,,,0,100,,404,470,,,0,100,,405,470,,,0,100,,391,470,,,0,112,,392,470,,,0,90,,406,470,,,0,104,,389,470,,,0,100,,393,470,,,0,93,,394,470,,,0,100,,395,470,,,0,100,,396,470,,,0,98,,397,470,,,0
1100,'Semaine-01',639,,430,470,,,0,101,,411,470,,,0,100,,410,330,,,0,3,,420,470,,,0,77,,421,470,,,0,100,,422,470,,,0,112,,423,470,,,0,100,,424,470,,,0,88,,425,470,,,0,100,,426,470,,,0,100,,427,470,,,0,100,,412,470,,,0,32,,409,470,,,0,80,,413,470,,,0,25,,414,470,,,0,65,,428,470,,,0,24,,429,470,,,0,80,,408,470,,,0,100,,415,470,,,0,93,,416,470,,,0,100,,417,470,,,0,100,,418,470,,,0,98,,419,470,,,0
1100,'Week-end-01',950,,431,470,,,0,200,,432,470,,,0,200,,433,470,,,0,200,,434,470,,,0,200,,435,470,,,0,200,,436,470,,,0,200,,437,470,,,0,198,,438,470,,,0
1400,'Fête-1-01',747,,496,490,,,0,200,,497,490,,,0,200,,498,490,,,0,200,,499,490,,,0,200,,500,490,,,0,200,,501,490,,,0,200,,502,490,,,0,200,,503,490,,,0,198,,504,490,,,0,187,,505,400,,,0
1400,'Fête-2-01',657,,522,490,,,0,73,,506,490,,,0,94,,513,490,,,0,104,,514,490,,,0,103,,515,490,,,0,111,,516,490,,,0,100,,517,490,,,0,101,,518,490,,,0,100,,519,490,,,0,103,,520,490,,,0,101,,507,490,,,0,107,,508,490,,,0,87,,509,490,,,0,102,,510,490,,,0,193,,511,490,,,0,196,,512,490,,,0,194,,521,490,,,0
1400,'Semaine-01',657,,539,490,,,0,73,,523,490,,,0,94,,530,490,,,0,104,,531,490,,,0,103,,532,490,,,0,111,,533,490,,,0,100,,534,490,,,0,101,,535,490,,,0,100,,536,490,,,0,103,,537,490,,,0,101,,524,490,,,0,107,,525,490,,,0,87,,526,490,,,0,102,,527,490,,,0,193,,528,490,,,0,196,,529,490,,,0,194,,538,490,,,0
1400,'Week-end-01',747,,540,490,,,0,200,,541,490,,,0,200,,542,490,,,0,200,,543,490,,,0,200,,544,490,,,0,200,,545,490,,,0,200,,546,490,,,0,200,,547,490,,,0,198,,548,490,,,0,187,,549,400,,,0
10000,'Fête-2-01',1650,,713,540,,,0,68,,714,540,,,0,25,,718,540,,,0,82,,716,540,,,0,15,,715,540,,,0,69,,717,540,,,0
10000,'Semaine-01',1650,,719,540,,,0,68,,720,540,,,0,25,,724,540,,,0,82,,722,540,,,0,15,,721,540,,,0,69,,723,540,,,0
40000,'Fête-2-01',725,,842,660,,,0,116,,866,660,,,0,64,,867,660,,,0
40000,'Semaine-01',725,,883,660,,,0,116,,907,660,,,0,64,,908,660,,,0
