100,'Fête-1-01',912,,1,30,,,0,200,,2,30,,,0,200,,3,30,,,0,200,,4,30,,,0,200,,5,30,,,0,200,,6,30,,,0,200,,7,30,,,0,198,,8,30,,,0
100,'Fête-2-01',659,,19,30,,,0,100,,20,30,,,0,60,,21,30,,,0,37,,11,30,,,0,100,,12,30,,,0,100,,13,30,,,0,161,,14,30,,,0,100,,15,30,,,0,100,,16,30,,,0,93,,22,30,,,0,100,,17,30,,,0,95,,18,30,,,0,106,,23,30,,,0,101,,24,30,,,0,195,,25,30,,,0,199,,26,30,,,0
100,'Semaine-01',659,,37,30,,,0,100,,38,30,,,0,60,,39,30,,,0,37,,29,30,,,0,100,,30,30,,,0,100,,31,30,,,0,161,,32,30,,,0,100,,33,30,,,0,100,,34,30,,,0,93,,40,30,,,0,100,,35,30,,,0,95,,36,30,,,0,106,,41,30,,,0,101,,42,30,,,0,195,,43,30,,,0,199,,44,30,,,0
100,'Week-end-01',912,,45,30,,,0,200,,46,30,,,0,200,,47,30,,,0,200,,48,30,,,0,200,,49,30,,,0,200,,50,30,,,0,200,,51,30,,,0,198,,52,30,,,0
900,'Fête-1-01',553,,261,30,,,0,158,,263,30,,,0,200,,264,30,,,0,200,,265,30,,,0,200,,266,30,,,0,200,,267,30,,,0,200,,268,30,,,0,200,,269,30,,,0,200,,270,30,,,0,198,,262,30,,,0
900,'Fête-2-01',446,,272,30,,,0,105,,283,30,,,0,74,,280,30,,,0,76,,284,30,,,0,55,,285,30,,,0,101,,273,30,,,0,100,,274,30,,,0,99,,286,30,,,0,150,,275,30,,,0,104,,287,30,,,0,96,,276,30,,,0,100,,271,30,,,0,114,,282,30,,,0,85,,281,30,,,0,104,,288,30,,,0,100,,277,30,,,0,98,,278,30,,,0,100,,289,30,,,0,100,,290,30,,,0,100,,279,30,,,0
900,'Semaine-01',446,,292,30,,,0,105,,303,30,,,0,74,,300,30,,,0,76,,304,30,,,0,55,,305,30,,,0,101,,293,30,,,0,100,,294,30,,,0,99,,306,30,,,0,150,,295,30,,,0,104,,307,30,,,0,96,,296,30,,,0,100,,291,30,,,0,114,,302,30,,,0,85,,301,30,,,0,104,,308,30,,,0,100,,297,30,,,0,98,,298,30,,,0,100,,309,30,,,0,100,,310,30,,,0,100,,299,30,,,0
900,'Week-end-01',553,,311,30,,,0,158,,313,30,,,0,200,,314,30,,,0,200,,315,30,,,0,200,,316,30,,,0,200,,317,30,,,0,200,,318,30,,,0,200,,319,30,,,0,200,,320,30,,,0,198,,312,30,,,0
1400,'Fête-1-01',711,,496,30,,,0,200,,497,30,,,0,200,,498,30,,,0,200,,499,30,,,0,200,,500,30,,,0,200,,501,30,,,0,200,,502,30,,,0,200,,503,30,,,0,198,,504,30,,,0,200,,505,30,,,0
1400,'Fête-2-01',626,,522,30,,,0,33,,506,30,,,0,92,,513,30,,,0,105,,514,30,,,0,103,,515,30,,,0,151,,516,30,,,0,100,,517,30,,,0,100,,518,30,,,0,100,,519,30,,,0,100,,520,30,,,0,100,,507,30,,,0,110,,508,30,,,0,90,,509,30,,,0,102,,510,30,,,0,195,,511,30,,,0,198,,512,30,,,0,195,,521,30,,,0
1400,'Semaine-01',626,,539,30,,,0,33,,523,30,,,0,92,,530,30,,,0,105,,531,30,,,0,103,,532,30,,,0,151,,533,30,,,0,100,,534,30,,,0,100,,535,30,,,0,100,,536,30,,,0,100,,537,30,,,0,100,,524,30,,,0,110,,525,30,,,0,90,,526,30,,,0,102,,527,30,,,0,195,,528,30,,,0,198,,529,30,,,0,195,,538,30,,,0
1400,'Week-end-01',711,,540,30,,,0,200,,541,30,,,0,200,,542,30,,,0,200,,543,30,,,0,200,,544,30,,,0,200,,545,30,,,0,200,,546,30,,,0,200,,547,30,,,0,198,,548,30,,,0,200,,549,30,,,0
1500,'Fête-1-01',906,,601,30,,,1,100,,602,30,,,1,100,,603,30,,,1,100,,604,30,,,1,100,,605,30,,,1,100,,606,30,,,1,100,,607,30,,,1,100,,608,30,,,1,100,,609,30,,,1,100,,610,30,,,1,100,,611,30,,,1,200,,612,30,,,1,200,,613,30,,,1
1500,'Fête-2-01',706,,614,30,,,1,51,,621,30,,,1,99,,622,30,,,1,100,,623,30,,,1,100,,624,30,,,1,148,,625,30,,,1,55,,626,30,,,1,100,,627,30,,,1,100,,628,30,,,1,147,,615,30,,,1,105,,616,30,,,1,98,,617,30,,,1,102,,618,30,,,1,194,,619,30,,,1,202,,620,30,,,1
1500,'Semaine-01',706,,629,30,,,1,51,,636,30,,,1,99,,637,30,,,1,100,,638,30,,,1,100,,639,30,,,1,148,,640,30,,,1,55,,641,30,,,1,100,,642,30,,,1,100,,643,30,,,1,147,,630,30,,,1,105,,631,30,,,1,98,,632,30,,,1,102,,633,30,,,1,194,,634,30,,,1,202,,635,30,,,1
1500,'Week-end-01',906,,644,30,,,1,100,,645,30,,,1,100,,646,30,,,1,100,,647,30,,,1,100,,648,30,,,1,100,,649,30,,,1,100,,650,30,,,1,100,,651,30,,,1,100,,652,30,,,1,100,,653,30,,,1,100,,654,30,,,1,200,,655,30,,,1,200,,656,30,,,1
