100,'Fête-2-01',715,,10,20,,,0,100,,20,260,,,0,20,,9,20,,,0
100,'Semaine-01',715,,28,20,,,0,100,,38,260,,,0,20,,27,20,,,0
101,'Fête-2-01',634,,76,390,,,0,91,,77,390,,,0,904,,72,390,,,0,80,,73,390,,,0,30,,74,390,,,0,100,,75,390,,,0,196,,69,390,,,0,196,,70,390,,,0
101,'Semaine-01',634,,93,390,,,0,91,,94,390,,,0,904,,89,390,,,0,80,,90,390,,,0,30,,91,390,,,0,100,,92,390,,,0,196,,86,390,,,0,196,,87,390,,,0
501,'Fête-2-01',538,,145,20,,,0,76,,146,20,,,0,30,,147,20,,,0
501,'Semaine-01',538,,148,20,,,0,76,,149,20,,,0,30,,150,20,,,0
901,'Fête-1-01',807,,321,20,,,0,200,,322,20,,,0,197,,323,20,,,0,200,,324,20,,,0,200,,325,20,,,0,200,,326,20,,,0,202,,327,20,,,0,200,,328,20,,,0,198,,329,20,,,0
901,'Fête-2-01',526,,331,20,,,0,74,,330,20,,,0,102,,332,20,,,0,53,,343,20,,,0,102,,334,20,,,0,100,,335,20,,,0,100,,344,20,,,0,100,,336,20,,,0,146,,345,20,,,0,100,,337,20,,,0,100,,338,20,,,0,102,,333,20,,,0,109,,346,20,,,0,21,,347,20,,,0,70,,348,20,,,0,96,,339,20,,,0,100,,340,20,,,0,100,,349,20,,,0,100,,350,20,,,0,100,,341,20,,,0,99,,342,20,,,0
901,'Semaine-01',526,,352,20,,,0,74,,351,20,,,0,102,,353,20,,,0,53,,364,20,,,0,102,,355,20,,,0,100,,356,20,,,0,100,,365,20,,,0,100,,357,20,,,0,146,,366,20,,,0,100,,358,20,,,0,100,,359,20,,,0,102,,354,20,,,0,109,,367,20,,,0,21,,368,20,,,0,70,,369,20,,,0,96,,360,20,,,0,100,,361,20,,,0,100,,370,20,,,0,100,,371,20,,,0,100,,362,20,,,0,99,,363,20,,,0
901,'Week-end-01',807,,372,20,,,0,200,,373,20,,,0,197,,374,20,,,0,200,,375,20,,,0,200,,376,20,,,0,200,,377,20,,,0,202,,378,20,,,0,200,,379,20,,,0,198,,380,20,,,0
1100,'Fête-1-01',920,,381,20,,,0,200,,382,20,,,0,200,,383,20,,,0,200,,384,20,,,0,200,,385,20,,,0,200,,386,20,,,0,200,,387,20,,,0,198,,388,20,,,0
1100,'Fête-2-01',609,,407,20,,,0,101,,390,20,,,0,103,,398,20,,,0,37,,399,20,,,0,100,,400,20,,,0,152,,401,20,,,0,100,,402,20,,,0,48,,403,20,,,0,100,,404,20,,,0,100,,405,20,,,0,100,,391,20,,,0,150,,392,20,,,0,50,,406,20,,,0,106,,389,20,,,0,100,,393,20,,,0,94,,394,20,,,0,100,,395,20,,,0,100,,396,20,,,0,98,,397,20,,,0
1100,'Semaine-01',609,,430,20,,,0,101,,411,20,,,0,103,,420,20,,,0,37,,421,20,,,0,100,,422,20,,,0,152,,423,20,,,0,100,,424,20,,,0,48,,425,20,,,0,100,,426,20,,,0,100,,427,20,,,0,100,,412,20,,,0,70,,409,20,,,0,80,,413,20,,,0,25,,414,20,,,0,25,,428,20,,,0,66,,429,20,,,0,40,,408,20,,,0,100,,415,20,,,0,94,,416,20,,,0,100,,417,20,,,0,100,,418,20,,,0,98,,419,20,,,0
1100,'Week-end-01',920,,431,20,,,0,200,,432,20,,,0,200,,433,20,,,0,200,,434,20,,,0,200,,435,20,,,0,200,,436,20,,,0,200,,437,20,,,0,198,,438,20,,,0
1400,'Fête-1-01',727,,496,290,,,0,200,,497,290,,,0,200,,498,290,,,0,200,,499,290,,,0,200,,500,290,,,0,200,,501,290,,,0,200,,502,290,,,0,200,,503,290,,,0,198,,504,290,,,0
1400,'Fête-2-01',643,,522,290,,,0,73,,506,290,,,0,92,,513,290,,,0,105,,514,290,,,0,103,,515,290,,,0,111,,516,290,,,0,100,,517,290,,,0,100,,518,290,,,0,100,,519,290,,,0,102,,520,290,,,0,100,,507,290,,,0,108,,508,290,,,0,89,,509,290,,,0,102,,510,290,,,0,194,,511,290,,,0,197,,512,290,,,0,194,,521,290,,,0
1400,'Semaine-01',643,,539,290,,,0,73,,523,290,,,0,92,,530,290,,,0,105,,531,290,,,0,103,,532,290,,,0,111,,533,290,,,0,100,,534,290,,,0,100,,535,290,,,0,100,,536,290,,,0,102,,537,290,,,0,100,,524,290,,,0,108,,525,290,,,0,89,,526,290,,,0,102,,527,290,,,0,194,,528,290,,,0,197,,529,290,,,0,194,,538,290,,,0
1400,'Week-end-01',727,,540,290,,,0,200,,541,290,,,0,200,,542,290,,,0,200,,543,290,,,0,200,,544,290,,,0,200,,545,290,,,0,200,,546,290,,,0,200,,547,290,,,0,198,,548,290,,,0
1401,'Fête-1-01',639,,550,460,,,0,200,,551,460,,,0,200,,552,460,,,0,198,,553,460,,,0,200,,554,460,,,0,198,,555,460,,,0,200,,556,460,,,0,204,,557,460,,,0,200,,558,460,,,0
1401,'Fête-2-01',631,,560,460,,,0,89,,567,460,,,0,105,,568,460,,,0,105,,569,460,,,0,100,,570,460,,,0,100,,571,460,,,0,99,,572,460,,,0,100,,573,460,,,0,100,,574,460,,,0,101,,561,460,,,0,101,,562,460,,,0,103,,563,460,,,0,101,,564,460,,,0,195,,565,460,,,0,203,,566,460,,,0
1401,'Semaine-01',631,,577,460,,,0,89,,584,460,,,0,105,,585,460,,,0,105,,586,460,,,0,100,,587,460,,,0,100,,588,460,,,0,99,,589,460,,,0,100,,590,460,,,0,100,,591,460,,,0,101,,578,460,,,0,101,,579,460,,,0,103,,580,460,,,0,101,,581,460,,,0,195,,582,460,,,0,203,,583,460,,,0
1401,'Week-end-01',639,,592,460,,,0,200,,593,460,,,0,200,,594,460,,,0,198,,595,460,,,0,200,,596,460,,,0,198,,597,460,,,0,200,,598,460,,,0,204,,599,460,,,0,200,,600,460,,,0
