1500,'Fête-1-01',920,,601,250,,,1,100,,602,250,,,1,100,,603,250,,,1,100,,604,250,,,1,102,,605,250,,,1,100,,606,250,,,1,100,,607,250,,,1,100,,608,250,,,1,100,,609,250,,,1,99,,610,250,,,1,100,,611,250,,,1,198,,612,250,,,1,200,,613,250,,,1
1500,'Fête-2-01',718,,614,250,,,1,91,,621,250,,,1,99,,622,250,,,1,100,,623,250,,,1,100,,624,250,,,1,108,,625,250,,,1,96,,626,250,,,1,100,,627,250,,,1,100,,628,250,,,1,107,,615,250,,,1,104,,616,250,,,1,97,,617,250,,,1,102,,618,250,,,1,194,,619,250,,,1,201,,620,250,,,1
1500,'Semaine-01',718,,629,250,,,1,91,,636,250,,,1,99,,637,250,,,1,100,,638,250,,,1,100,,639,250,,,1,108,,640,250,,,1,96,,641,250,,,1,100,,642,250,,,1,100,,643,250,,,1,107,,630,250,,,1,104,,631,250,,,1,97,,632,250,,,1,102,,633,250,,,1,194,,634,250,,,1,201,,635,250,,,1
1500,'Week-end-01',920,,644,250,,,1,100,,645,250,,,1,100,,646,250,,,1,100,,647,250,,,1,102,,648,250,,,1,100,,649,250,,,1,100,,650,250,,,1,100,,651,250,,,1,100,,652,250,,,1,99,,653,250,,,1,100,,654,250,,,1,198,,655,250,,,1,200,,656,250,,,1
20000,'Fête-2-01',921,,740,40,4,,0,628,,742,40,4,,0,77,,738,40,4,,0,30,,743,40,4,,0,75,,739,40,4,,0,27,,744,40,4,,0,76,,741,40,4,,0
20000,'Semaine-01',921,,747,40,4,,0,94,,748,40,4,,0,100,,749,40,4,,0,107,,750,40,4,,0,99,,751,40,4,,0,103,,752,40,4,,0,125,,754,40,4,,0,77,,745,40,4,,0,30,,755,40,4,,0,75,,746,40,4,,0,27,,756,40,4,,0,76,,753,40,4,,0
30000,'Fête-2-01',630,2,778,310,,,0,198,2,779,310,,,0,383,2,780,310,,,0,398,2,781,310,,,0,120,2,782,310,,,0,95,2,783,310,,,0,93,2,784,310,,,0,492,2,785,310,,,0
30000,'Semaine-01',630,2,786,310,,,0,198,2,787,310,,,0,383,2,788,310,,,0,398,2,789,310,,,0,120,2,790,310,,,0,95,2,791,310,,,0,93,2,792,310,,,0,492,2,793,310,,,0
40000,'Fête-1-01',805,2,808,330,0,7,0,110,2,809,330,0,7,0,101,2,810,330,0,7,0,101,2,811,330,0,7,0,100,2,812,330,0,7,0,100,2,813,330,0,7,0,100,2,814,330,0,7,0,100,2,815,330,0,7,0,100,2,816,330,0,7,0,102,2,817,330,0,7,0,100,2,818,330,0,7,0,99,2,819,330,0,7,0,100,2,820,330,0,7,0,98,2,821,330,0,7,0,100,2,822,330,0,7,0,99,2,823,330,0,7,0,100,2,824,330,0,7,0,100,2,825,330,0,7,0,100,2,826,330,0,7,0
40000,'Fête-2-01',701,42,842,330,,,0,43,2,834,330,0,7,0,71,2,866,330,,,0,24,2,867,330,,,0,63,,828,330,4,,0,22,2,835,330,0,7,0,80,2,836,330,0,7,0,20,2,849,330,0,7,0,31,,829,330,4,,0,62,2,858,330,0,7,0,38,,840,330,4,,0,69,2,827,330,0,7,0,78,,830,330,4,,0,22,2,861,330,0,7,0,79,,831,330,4,,0,21,2,862,330,0,7,0,80,2,832,330,0,7,0,21,,841,330,4,,0,19,2,863,330,0,7,0,70,2,864,330,0,7,0,15,2,865,330,0,7,0,15,2,844,330,0,7,0,15,2,845,330,0,7,0,50,2,846,330,0,7,0,10,2,847,330,0,7,0,29,2,848,330,0,7,0,10,2,850,330,0,7,0,58,2,851,330,0,7,0,20,2,852,330,0,7,0,19,2,853,330,0,7,0,93,2,854,330,0,7,0,65,2,833,330,0,7,0,30,2,855,330,0,7,0,70,2,837,330,0,7,0,30,2,856,330,0,7,0,70,2,838,330,0,7,0,30,2,857,330,0,7,0,70,2,839,330,0,7,0,30,2,859,330,0,7,0,165,2,843,330,0,7,0,100,2,860,330,0,7,0
40000,'Semaine-01',701,42,883,330,,,0,43,2,875,330,0,7,0,71,2,907,330,,,0,24,2,908,330,,,0,63,,869,330,4,,0,22,2,876,330,0,7,0,80,2,877,330,0,7,0,20,2,890,330,0,7,0,31,,870,330,4,,0,62,2,899,330,0,7,0,38,,881,330,4,,0,69,2,868,330,0,7,0,78,,871,330,4,,0,22,2,902,330,0,7,0,79,,872,330,4,,0,21,2,903,330,0,7,0,80,2,873,330,0,7,0,21,,882,330,4,,0,19,2,904,330,0,7,0,70,2,905,330,0,7,0,15,2,906,330,0,7,0,15,2,885,330,0,7,0,15,2,886,330,0,7,0,50,2,887,330,0,7,0,10,2,888,330,0,7,0,29,2,889,330,0,7,0,10,2,891,330,0,7,0,58,2,892,330,0,7,0,20,2,893,330,0,7,0,19,2,894,330,0,7,0,93,2,895,330,0,7,0,65,2,874,330,0,7,0,30,2,896,330,0,7,0,70,2,878,330,0,7,0,30,2,897,330,0,7,0,70,2,879,330,0,7,0,30,2,898,330,0,7,0,70,2,880,330,0,7,0,30,2,900,330,0,7,0,165,2,884,330,0,7,0,100,2,901,330,0,7,0
40000,'Week-end-01',805,2,909,330,0,7,0,110,2,910,330,0,7,0,101,2,911,330,0,7,0,101,2,912,330,0,7,0,100,2,913,330,0,7,0,100,2,914,330,0,7,0,100,2,915,330,0,7,0,100,2,916,330,0,7,0,100,2,917,330,0,7,0,102,2,918,330,0,7,0,100,2,919,330,0,7,0,99,2,920,330,0,7,0,100,2,921,330,0,7,0,98,2,922,330,0,7,0,100,2,923,330,0,7,0,99,2,924,330,0,7,0,100,2,925,330,0,7,0,100,2,926,330,0,7,0,100,2,927,330,0,7,0
