1100,'Fête-1-01',946,,381,430,,,0,200,,382,430,,,0,200,,383,430,,,0,200,,384,430,,,0,200,,385,430,,,0,200,,386,430,,,0,200,,387,430,,,0,198,,388,430,,,0
1100,'Fête-2-01',635,,407,430,,,0,101,,390,430,,,0,103,,398,430,,,0,77,,399,430,,,0,100,,400,430,,,0,112,,401,430,,,0,100,,402,430,,,0,88,,403,430,,,0,100,,404,430,,,0,100,,405,430,,,0,100,,391,430,,,0,112,,392,430,,,0,90,,406,430,,,0,104,,389,430,,,0,100,,393,430,,,0,93,,394,430,,,0,100,,395,430,,,0,100,,396,430,,,0,98,,397,430,,,0
1100,'Semaine-01',635,,430,430,,,0,101,,411,430,,,0,99,,410,290,,,0,4,,420,430,,,0,77,,421,430,,,0,100,,422,430,,,0,112,,423,430,,,0,100,,424,430,,,0,88,,425,430,,,0,100,,426,430,,,0,100,,427,430,,,0,100,,412,430,,,0,32,,409,430,,,0,80,,413,430,,,0,25,,414,430,,,0,65,,428,430,,,0,24,,429,430,,,0,80,,408,430,,,0,100,,415,430,,,0,93,,416,430,,,0,100,,417,430,,,0,100,,418,430,,,0,98,,419,430,,,0
1100,'Week-end-01',946,,431,430,,,0,200,,432,430,,,0,200,,433,430,,,0,200,,434,430,,,0,200,,435,430,,,0,200,,436,430,,,0,200,,437,430,,,0,198,,438,430,,,0
1400,'Fête-1-01',742,,496,450,,,0,200,,497,450,,,0,200,,498,450,,,0,200,,499,450,,,0,200,,500,450,,,0,200,,501,450,,,0,200,,502,450,,,0,200,,503,450,,,0,198,,504,450,,,0,187,,505,360,,,0
1400,'Fête-2-01',652,,522,450,,,0,73,,506,450,,,0,94,,513,450,,,0,104,,514,450,,,0,103,,515,450,,,0,111,,516,450,,,0,100,,517,450,,,0,101,,518,450,,,0,100,,519,450,,,0,103,,520,450,,,0,101,,507,450,,,0,107,,508,450,,,0,87,,509,450,,,0,102,,510,450,,,0,193,,511,450,,,0,197,,512,450,,,0,194,,521,450,,,0
1400,'Semaine-01',652,,539,450,,,0,73,,523,450,,,0,94,,530,450,,,0,104,,531,450,,,0,103,,532,450,,,0,111,,533,450,,,0,100,,534,450,,,0,101,,535,450,,,0,100,,536,450,,,0,103,,537,450,,,0,101,,524,450,,,0,107,,525,450,,,0,87,,526,450,,,0,102,,527,450,,,0,193,,528,450,,,0,197,,529,450,,,0,194,,538,450,,,0
1400,'Week-end-01',742,,540,450,,,0,200,,541,450,,,0,200,,542,450,,,0,200,,543,450,,,0,200,,544,450,,,0,200,,545,450,,,0,200,,546,450,,,0,200,,547,450,,,0,198,,548,450,,,0,187,,549,360,,,0
10000,'Fête-2-01',1646,,713,500,,,0,68,,714,500,,,0,25,,718,500,,,0,82,,716,500,,,0,15,,715,500,,,0,69,,717,500,,,0
10000,'Semaine-01',1646,,719,500,,,0,68,,720,500,,,0,25,,724,500,,,0,82,,722,500,,,0,15,,721,500,,,0,69,,723,500,,,0
