801,'Fête-1-01',831,,215,180,,,0,200,,216,180,,,0,196,,217,180,,,0,200,,218,180,,,0,200,,219,180,,,0,200,,220,180,,,0,202,,221,180,,,0,200,,222,180,,,0
801,'Fête-2-01',619,,237,60,,,0,188,,230,180,,,0,112,,231,180,,,0,100,,232,180,,,0,103,,233,180,,,0,103,,234,180,,,0,104,,235,180,,,0,101,,236,180,,,0,95,,223,180,,,0,104,,224,180,,,0,29,,225,190,,,0,68,,226,180,,,0,102,,227,180,,,0,195,,228,180,,,0,201,,229,180,,,0
801,'Semaine-01',619,,252,60,,,0,188,,245,180,,,0,112,,246,180,,,0,100,,247,180,,,0,103,,248,180,,,0,103,,249,180,,,0,104,,250,180,,,0,101,,251,180,,,0,95,,238,180,,,0,104,,239,180,,,0,29,,240,190,,,0,68,,241,180,,,0,102,,242,180,,,0,195,,243,180,,,0,201,,244,180,,,0
801,'Week-end-01',831,,253,180,,,0,200,,254,180,,,0,196,,255,180,,,0,200,,256,180,,,0,200,,257,180,,,0,200,,258,180,,,0,202,,259,180,,,0,200,,260,180,,,0
30001,'Fête-2-01',438,,800,60,,,0,65,,794,60,,,0,35,,795,60,,,0,69,,798,60,,,0,20,,796,60,,,0,75,,799,60,,,0,30,,797,60,,,0
30001,'Semaine-01',438,,807,60,,,0,65,,801,60,,,0,35,,802,60,,,0,69,,805,60,,,0,20,,803,60,,,0,75,,806,60,,,0,30,,804,60,,,0
40001,'Fête-1-01',632,,928,60,,,0,106,,929,60,,,0,99,,930,60,,,0,100,,931,60,,,0,99,,932,60,,,0,100,,933,60,,,0,100,,934,60,,,0,96,,935,60,,,0,99,,936,60,,,0,103,,937,60,,,0,100,,938,60,,,0,100,,939,60,,,0,100,,940,60,,,0,101,,941,60,,,0,100,,942,60,,,0,100,,943,60,,,0,102,,944,60,,,0,101,,945,60,,,0,100,,946,60,,,0
40001,'Fête-2-01',423,,989,60,,,0,23,,990,60,,,0,70,,983,60,,,0,30,,985,60,,,0,10,,986,60,,,0,60,,966,60,,,0,20,,987,60,,,0,15,,988,60,,,0,70,,978,60,,,0,30,,979,60,,,0,50,,984,60,,,0,30,,980,60,,,0,101,,981,60,,,0,77,,953,60,,,0,23,,982,60,,,0,100,,967,60,,,0,78,,947,60,,,0,22,,968,60,,,0,105,,969,60,,,0,99,,970,60,,,0,20,,955,60,,,0,80,,971,60,,,0,101,,991,60,,,0,66,,992,180,,,0,28,,964,180,,,0,72,,954,60,,,0,25,,965,180,,,0,72,,951,60,,,0,31,,972,60,,,0,101,,973,60,,,0,102,,974,60,,,0,96,,975,60,,,0,100,,976,60,,,0,104,,977,60,,,0
40001,'Semaine-01',423,,1036,60,,,0,23,,1037,60,,,0,70,,1030,60,,,0,30,,1032,60,,,0,10,,1033,60,,,0,60,,1013,60,,,0,20,,1034,60,,,0,15,,1035,60,,,0,70,,1025,60,,,0,30,,1026,60,,,0,50,,1031,60,,,0,30,,1027,60,,,0,101,,1028,60,,,0,77,,999,60,,,0,23,,1029,60,,,0,100,,1014,60,,,0,78,,993,60,,,0,22,,1015,60,,,0,105,,1016,60,,,0,99,,1017,60,,,0,20,,1001,60,,,0,80,,1018,60,,,0,101,,1038,60,,,0,66,,1039,180,,,0,28,,1011,180,,,0,72,,1000,60,,,0,25,,1012,180,,,0,72,,997,60,,,0,31,,1019,60,,,0,101,,1020,60,,,0,102,,1021,60,,,0,96,,1022,60,,,0,100,,1023,60,,,0,104,,1024,60,,,0
40001,'Week-end-01',632,,1040,60,,,0,106,,1041,60,,,0,99,,1042,60,,,0,100,,1043,60,,,0,99,,1044,60,,,0,100,,1045,60,,,0,100,,1046,60,,,0,96,,1047,60,,,0,99,,1048,60,,,0,103,,1049,60,,,0,100,,1050,60,,,0,100,,1051,60,,,0,100,,1052,60,,,0,101,,1053,60,,,0,100,,1054,60,,,0,100,,1055,60,,,0,102,,1056,60,,,0,101,,1057,60,,,0,100,,1058,60,,,0
