100,'Fête-1-01',927,,1,290,,,0,200,,2,290,,,0,200,,3,290,,,0,200,,4,290,,,0,200,,5,290,,,0,200,,6,290,,,0,200,,7,290,,,0,198,,8,290,,,0
100,'Fête-2-01',916,,11,290,,,0,100,,12,290,,,0,100,,13,290,,,0,121,,14,290,,,0,100,,15,290,,,0,100,,16,290,,,0,93,,22,290,,,0,100,,17,290,,,0,95,,18,290,,,0,106,,23,290,,,0,101,,24,290,,,0,195,,25,290,,,0,197,,26,290,,,0
100,'Semaine-01',916,,29,290,,,0,100,,30,290,,,0,100,,31,290,,,0,121,,32,290,,,0,100,,33,290,,,0,100,,34,290,,,0,93,,40,290,,,0,100,,35,290,,,0,95,,36,290,,,0,106,,41,290,,,0,101,,42,290,,,0,195,,43,290,,,0,197,,44,290,,,0
100,'Week-end-01',927,,45,290,,,0,200,,46,290,,,0,200,,47,290,,,0,200,,48,290,,,0,200,,49,290,,,0,200,,50,290,,,0,200,,51,290,,,0,198,,52,290,,,0
101,'Fête-1-01',837,,53,360,,,0,200,,54,360,,,0,197,,55,360,,,0,200,,56,360,,,0,200,,57,360,,,0,200,,58,360,,,0,202,,59,360,,,0,200,,60,360,,,0
101,'Fête-2-01',826,,71,420,,,0,102,,63,420,,,0,98,,64,420,,,0,100,,65,420,,,0,105,,66,420,,,0,102,,67,420,,,0,100,,68,420,,,0,101,,62,420,,,0
101,'Semaine-01',826,,88,420,,,0,102,,80,420,,,0,98,,81,420,,,0,100,,82,420,,,0,105,,83,420,,,0,102,,84,420,,,0,100,,85,420,,,0,101,,79,420,,,0
101,'Week-end-01',837,,95,360,,,0,200,,96,360,,,0,197,,97,360,,,0,200,,98,360,,,0,200,,99,360,,,0,200,,100,360,,,0,202,,101,360,,,0,200,,102,360,,,0
801,'Fête-1-01',846,,215,440,,,0,200,,216,440,,,0,196,,217,440,,,0,200,,218,440,,,0,200,,219,440,,,0,200,,220,440,,,0,202,,221,440,,,0,200,,222,440,,,0
801,'Fête-2-01',634,,237,320,,,0,189,,230,440,,,0,112,,231,440,,,0,100,,232,440,,,0,103,,233,440,,,0,103,,234,440,,,0,104,,235,440,,,0,101,,236,440,,,0,97,,223,440,,,0,103,,224,440,,,0,69,,225,450,,,0,28,,226,440,,,0,102,,227,440,,,0,194,,228,440,,,0,200,,229,440,,,0
801,'Semaine-01',634,,252,320,,,0,189,,245,440,,,0,112,,246,440,,,0,100,,247,440,,,0,103,,248,440,,,0,103,,249,440,,,0,104,,250,440,,,0,101,,251,440,,,0,97,,238,440,,,0,103,,239,440,,,0,69,,240,450,,,0,28,,241,440,,,0,102,,242,440,,,0,194,,243,440,,,0,200,,244,440,,,0
801,'Week-end-01',846,,253,440,,,0,200,,254,440,,,0,196,,255,440,,,0,200,,256,440,,,0,200,,257,440,,,0,200,,258,440,,,0,202,,259,440,,,0,200,,260,440,,,0
