101,'Fête-2-01',609,,76,60,,,0,91,,77,60,,,0,57,,71,60,,,0,102,,63,60,,,0,98,,64,60,,,0,100,,65,60,,,0,145,,66,60,,,0,102,,67,60,,,0,100,,68,60,,,0,100,,62,60,,,0,99,,72,60,,,0,40,,61,60,,,0,71,,74,60,,,0,100,,75,60,,,0,196,,69,60,,,0,197,,70,60,,,0
101,'Semaine-01',609,,93,60,,,0,91,,94,60,,,0,57,,88,60,,,0,102,,80,60,,,0,98,,81,60,,,0,100,,82,60,,,0,145,,83,60,,,0,102,,84,60,,,0,100,,85,60,,,0,100,,79,60,,,0,99,,89,60,,,0,40,,78,60,,,0,71,,91,60,,,0,100,,92,60,,,0,196,,86,60,,,0,197,,87,60,,,0
801,'Fête-1-01',820,,215,60,,,0,200,,216,60,,,0,196,,217,60,,,0,200,,218,60,,,0,200,,219,60,,,0,200,,220,60,,,0,202,,221,60,,,0,200,,222,60,,,0
801,'Fête-2-01',756,,230,60,,,0,152,,231,60,,,0,100,,232,60,,,0,103,,233,60,,,0,103,,234,60,,,0,104,,235,60,,,0,101,,236,60,,,0,95,,223,60,,,0,104,,224,60,,,0,29,,225,70,,,0,68,,226,60,,,0,102,,227,60,,,0,195,,228,60,,,0,201,,229,60,,,0
801,'Semaine-01',756,,245,60,,,0,152,,246,60,,,0,100,,247,60,,,0,103,,248,60,,,0,103,,249,60,,,0,104,,250,60,,,0,101,,251,60,,,0,95,,238,60,,,0,104,,239,60,,,0,29,,240,70,,,0,68,,241,60,,,0,102,,242,60,,,0,195,,243,60,,,0,201,,244,60,,,0
801,'Week-end-01',820,,253,60,,,0,200,,254,60,,,0,196,,255,60,,,0,200,,256,60,,,0,200,,257,60,,,0,200,,258,60,,,0,202,,259,60,,,0,200,,260,60,,,0
1101,'Fête-1-01',810,,439,60,,,0,198,,440,60,,,0,200,,441,60,,,0,200,,442,60,,,0,200,,443,60,,,0,200,,444,60,,,0,200,,445,60,,,0,200,,446,60,,,0
1101,'Fête-2-01',729,,448,60,,,0,173,,456,60,,,0,100,,457,60,,,0,99,,458,60,,,0,100,,459,60,,,0,100,,460,60,,,0,101,,461,60,,,0,100,,462,60,,,0,100,,463,60,,,0,116,,449,60,,,0,100,,450,60,,,0,85,,451,60,,,0,98,,452,60,,,0,101,,453,60,,,0,100,,454,60,,,0,100,,455,60,,,0
1101,'Semaine-01',729,,468,60,,,0,173,,476,60,,,0,100,,477,60,,,0,99,,478,60,,,0,100,,479,60,,,0,100,,480,60,,,0,101,,481,60,,,0,100,,482,60,,,0,100,,483,60,,,0,41,,486,60,,,0,75,,469,60,,,0,100,,470,60,,,0,85,,471,60,,,0,98,,472,60,,,0,101,,473,60,,,0,100,,474,60,,,0,100,,475,60,,,0
1101,'Week-end-01',810,,488,60,,,0,198,,489,60,,,0,200,,490,60,,,0,200,,491,60,,,0,200,,492,60,,,0,200,,493,60,,,0,200,,494,60,,,0,200,,495,60,,,0
