801,'Fête-1-01',828,,215,140,,,0,200,,216,140,,,0,196,,217,140,,,0,200,,218,140,,,0,200,,219,140,,,0,200,,220,140,,,0,202,,221,140,,,0,200,,222,140,,,0
801,'Fête-2-01',616,,237,20,,,0,188,,230,140,,,0,112,,231,140,,,0,100,,232,140,,,0,103,,233,140,,,0,103,,234,140,,,0,104,,235,140,,,0,101,,236,140,,,0,95,,223,140,,,0,104,,224,140,,,0,29,,225,150,,,0,68,,226,140,,,0,102,,227,140,,,0,195,,228,140,,,0,201,,229,140,,,0
801,'Semaine-01',616,,252,20,,,0,188,,245,140,,,0,112,,246,140,,,0,100,,247,140,,,0,103,,248,140,,,0,103,,249,140,,,0,104,,250,140,,,0,101,,251,140,,,0,95,,238,140,,,0,104,,239,140,,,0,29,,240,150,,,0,68,,241,140,,,0,102,,242,140,,,0,195,,243,140,,,0,201,,244,140,,,0
801,'Week-end-01',828,,253,140,,,0,200,,254,140,,,0,196,,255,140,,,0,200,,256,140,,,0,200,,257,140,,,0,200,,258,140,,,0,202,,259,140,,,0,200,,260,140,,,0
30001,'Fête-2-01',436,,800,20,,,0,65,,794,20,,,0,35,,795,20,,,0,69,,798,20,,,0,20,,796,20,,,0,75,,799,20,,,0,30,,797,20,,,0
30001,'Semaine-01',436,,807,20,,,0,65,,801,20,,,0,35,,802,20,,,0,69,,805,20,,,0,20,,803,20,,,0,75,,806,20,,,0,30,,804,20,,,0
40001,'Fête-1-01',629,,928,20,,,0,106,,929,20,,,0,99,,930,20,,,0,100,,931,20,,,0,99,,932,20,,,0,100,,933,20,,,0,100,,934,20,,,0,96,,935,20,,,0,99,,936,20,,,0,103,,937,20,,,0,100,,938,20,,,0,100,,939,20,,,0,100,,940,20,,,0,101,,941,20,,,0,100,,942,20,,,0,100,,943,20,,,0,102,,944,20,,,0,102,,945,20,,,0,100,,946,20,,,0
40001,'Fête-2-01',421,,989,20,,,0,23,,990,20,,,0,70,,983,20,,,0,30,,985,20,,,0,10,,986,20,,,0,60,,966,20,,,0,20,,987,20,,,0,15,,988,20,,,0,70,,978,20,,,0,30,,979,20,,,0,10,,984,20,,,0,70,,980,20,,,0,100,,981,20,,,0,77,,953,20,,,0,23,,982,20,,,0,100,,967,20,,,0,78,,947,20,,,0,22,,968,20,,,0,105,,969,20,,,0,99,,970,20,,,0,20,,955,20,,,0,80,,971,20,,,0,102,,991,20,,,0,66,,992,140,,,0,28,,964,140,,,0,72,,954,20,,,0,25,,965,140,,,0,32,,951,20,,,0,71,,972,20,,,0,101,,973,20,,,0,102,,974,20,,,0,96,,975,20,,,0,100,,976,20,,,0,104,,977,20,,,0
40001,'Semaine-01',421,,1036,20,,,0,23,,1037,20,,,0,70,,1030,20,,,0,30,,1032,20,,,0,10,,1033,20,,,0,60,,1013,20,,,0,20,,1034,20,,,0,15,,1035,20,,,0,70,,1025,20,,,0,30,,1026,20,,,0,10,,1031,20,,,0,70,,1027,20,,,0,100,,1028,20,,,0,77,,999,20,,,0,23,,1029,20,,,0,100,,1014,20,,,0,78,,993,20,,,0,22,,1015,20,,,0,105,,1016,20,,,0,99,,1017,20,,,0,20,,1001,20,,,0,80,,1018,20,,,0,102,,1038,20,,,0,66,,1039,140,,,0,28,,1011,140,,,0,72,,1000,20,,,0,25,,1012,140,,,0,32,,997,20,,,0,71,,1019,20,,,0,101,,1020,20,,,0,102,,1021,20,,,0,96,,1022,20,,,0,100,,1023,20,,,0,104,,1024,20,,,0
40001,'Week-end-01',629,,1040,20,,,0,106,,1041,20,,,0,99,,1042,20,,,0,100,,1043,20,,,0,99,,1044,20,,,0,100,,1045,20,,,0,100,,1046,20,,,0,96,,1047,20,,,0,99,,1048,20,,,0,103,,1049,20,,,0,100,,1050,20,,,0,100,,1051,20,,,0,100,,1052,20,,,0,101,,1053,20,,,0,100,,1054,20,,,0,100,,1055,20,,,0,102,,1056,20,,,0,102,,1057,20,,,0,100,,1058,20,,,0
