101,'Fête-1-01',809,,53,20,,,0,200,,54,20,,,0,197,,55,20,,,0,200,,56,20,,,0,200,,57,20,,,0,200,,58,20,,,0,202,,59,20,,,0,200,,60,20,,,0
101,'Week-end-01',809,,95,20,,,0,200,,96,20,,,0,197,,97,20,,,0,200,,98,20,,,0,200,,99,20,,,0,200,,100,20,,,0,202,,101,20,,,0,200,,102,20,,,0
200,'Fête-2-01',1022,,110,30,0,8,0,134,,104,30,,,0,348,,111,30,0,8,0,130,,105,30,,,0,180,,106,30,,,0
200,'Semaine-01',1022,,119,30,0,8,0,134,,113,30,,,0,348,,120,30,0,8,0,130,,114,30,,,0,180,,115,30,,,0
800,'Fête-1-01',938,,165,460,,,0,201,,166,460,,,0,200,,167,460,,,0,200,,168,460,,,0,201,,169,460,,,0,197,,170,460,,,0,199,,171,460,,,0,198,,172,460,,,0
800,'Fête-2-01',701,,174,460,,,0,31,,173,290,,,0,78,,175,460,,,0,39,,189,460,,,0,75,,184,460,,,0,99,,185,460,,,0,100,,176,460,,,0,105,,177,460,,,0,100,,186,460,,,0,105,,187,460,,,0,105,,188,460,,,0,100,,178,460,,,0,94,,179,460,,,0,112,,180,460,,,0,92,,181,460,,,0,195,,182,460,,,0,197,,183,460,,,0
800,'Semaine-01',701,,191,460,,,0,31,,190,290,,,0,78,,192,460,,,0,39,,206,460,,,0,75,,201,460,,,0,99,,202,460,,,0,100,,193,460,,,0,105,,194,460,,,0,100,,203,460,,,0,105,,204,460,,,0,105,,205,460,,,0,100,,195,460,,,0,94,,196,460,,,0,112,,197,460,,,0,92,,198,460,,,0,195,,199,460,,,0,197,,200,460,,,0
800,'Week-end-01',938,,207,460,,,0,201,,208,460,,,0,200,,209,460,,,0,200,,210,460,,,0,201,,211,460,,,0,197,,212,460,,,0,199,,213,460,,,0,198,,214,460,,,0
40000,'Fête-2-01',718,,842,610,,,0,116,,866,610,,,0,24,,867,610,,,0
40000,'Semaine-01',718,,883,610,,,0,116,,907,610,,,0,24,,908,610,,,0
