100,'Fête-1-01',936,,1,340,,,0,200,,2,340,,,0,200,,3,340,,,0,200,,4,340,,,0,200,,5,340,,,0,200,,6,340,,,0,200,,7,340,,,0,198,,8,340,,,0
100,'Fête-2-01',717,,10,50,,,0,101,,20,290,,,0,20,,9,50,,,0,84,,11,340,,,0,100,,12,340,,,0,100,,13,340,,,0,121,,14,340,,,0,101,,15,340,,,0,100,,16,340,,,0,93,,22,340,,,0,100,,17,340,,,0,95,,18,340,,,0,106,,23,340,,,0,101,,24,340,,,0,195,,25,340,,,0,197,,26,340,,,0
100,'Semaine-01',717,,28,50,,,0,101,,38,290,,,0,20,,27,50,,,0,84,,29,340,,,0,100,,30,340,,,0,100,,31,340,,,0,121,,32,340,,,0,101,,33,340,,,0,100,,34,340,,,0,93,,40,340,,,0,100,,35,340,,,0,95,,36,340,,,0,106,,41,340,,,0,101,,42,340,,,0,195,,43,340,,,0,197,,44,340,,,0
100,'Week-end-01',936,,45,340,,,0,200,,46,340,,,0,200,,47,340,,,0,200,,48,340,,,0,200,,49,340,,,0,200,,50,340,,,0,200,,51,340,,,0,198,,52,340,,,0
501,'Fête-2-01',541,,145,50,,,0,76,,146,50,,,0,30,,147,50,,,0
501,'Semaine-01',541,,148,50,,,0,76,,149,50,,,0,30,,150,50,,,0
901,'Fête-1-01',810,,321,50,,,0,200,,322,50,,,0,197,,323,50,,,0,200,,324,50,,,0,200,,325,50,,,0,200,,326,50,,,0,202,,327,50,,,0,200,,328,50,,,0,198,,329,50,,,0
901,'Fête-2-01',529,,331,50,,,0,74,,330,50,,,0,102,,332,50,,,0,53,,343,50,,,0,142,,334,50,,,0,100,,335,50,,,0,100,,344,50,,,0,100,,336,50,,,0,106,,345,50,,,0,100,,337,50,,,0,100,,338,50,,,0,102,,333,50,,,0,109,,346,50,,,0,21,,347,50,,,0,70,,348,50,,,0,96,,339,50,,,0,100,,340,50,,,0,100,,349,50,,,0,100,,350,50,,,0,100,,341,50,,,0,99,,342,50,,,0
901,'Semaine-01',529,,352,50,,,0,74,,351,50,,,0,102,,353,50,,,0,53,,364,50,,,0,142,,355,50,,,0,100,,356,50,,,0,100,,365,50,,,0,100,,357,50,,,0,106,,366,50,,,0,100,,358,50,,,0,100,,359,50,,,0,102,,354,50,,,0,109,,367,50,,,0,21,,368,50,,,0,70,,369,50,,,0,96,,360,50,,,0,100,,361,50,,,0,100,,370,50,,,0,100,,371,50,,,0,100,,362,50,,,0,99,,363,50,,,0
901,'Week-end-01',810,,372,50,,,0,200,,373,50,,,0,197,,374,50,,,0,200,,375,50,,,0,200,,376,50,,,0,200,,377,50,,,0,202,,378,50,,,0,200,,379,50,,,0,198,,380,50,,,0
1100,'Fête-1-01',922,,381,50,,,0,200,,382,50,,,0,200,,383,50,,,0,200,,384,50,,,0,200,,385,50,,,0,200,,386,50,,,0,200,,387,50,,,0,198,,388,50,,,0
1100,'Fête-2-01',611,,407,50,,,0,101,,390,50,,,0,103,,398,50,,,0,37,,399,50,,,0,100,,400,50,,,0,152,,401,50,,,0,100,,402,50,,,0,48,,403,50,,,0,100,,404,50,,,0,100,,405,50,,,0,100,,391,50,,,0,151,,392,50,,,0,50,,406,50,,,0,105,,389,50,,,0,100,,393,50,,,0,94,,394,50,,,0,100,,395,50,,,0,100,,396,50,,,0,98,,397,50,,,0
1100,'Semaine-01',611,,430,50,,,0,101,,411,50,,,0,103,,420,50,,,0,37,,421,50,,,0,100,,422,50,,,0,152,,423,50,,,0,100,,424,50,,,0,48,,425,50,,,0,100,,426,50,,,0,100,,427,50,,,0,100,,412,50,,,0,71,,409,50,,,0,80,,413,50,,,0,25,,414,50,,,0,25,,428,50,,,0,65,,429,50,,,0,40,,408,50,,,0,100,,415,50,,,0,94,,416,50,,,0,100,,417,50,,,0,100,,418,50,,,0,98,,419,50,,,0
1100,'Week-end-01',922,,431,50,,,0,200,,432,50,,,0,200,,433,50,,,0,200,,434,50,,,0,200,,435,50,,,0,200,,436,50,,,0,200,,437,50,,,0,198,,438,50,,,0
1400,'Fête-1-01',730,,496,320,,,0,200,,497,320,,,0,200,,498,320,,,0,200,,499,320,,,0,200,,500,320,,,0,200,,501,320,,,0,200,,502,320,,,0,200,,503,320,,,0,198,,504,320,,,0
1400,'Fête-2-01',645,,522,320,,,0,73,,506,320,,,0,92,,513,320,,,0,105,,514,320,,,0,103,,515,320,,,0,111,,516,320,,,0,100,,517,320,,,0,100,,518,320,,,0,100,,519,320,,,0,103,,520,320,,,0,100,,507,320,,,0,108,,508,320,,,0,88,,509,320,,,0,102,,510,320,,,0,194,,511,320,,,0,197,,512,320,,,0,194,,521,320,,,0
1400,'Semaine-01',645,,539,320,,,0,73,,523,320,,,0,92,,530,320,,,0,105,,531,320,,,0,103,,532,320,,,0,111,,533,320,,,0,100,,534,320,,,0,100,,535,320,,,0,100,,536,320,,,0,103,,537,320,,,0,100,,524,320,,,0,108,,525,320,,,0,88,,526,320,,,0,102,,527,320,,,0,194,,528,320,,,0,197,,529,320,,,0,194,,538,320,,,0
1400,'Week-end-01',730,,540,320,,,0,200,,541,320,,,0,200,,542,320,,,0,200,,543,320,,,0,200,,544,320,,,0,200,,545,320,,,0,200,,546,320,,,0,200,,547,320,,,0,198,,548,320,,,0
1401,'Fête-1-01',642,,550,490,,,0,200,,551,490,,,0,200,,552,490,,,0,198,,553,490,,,0,200,,554,490,,,0,198,,555,490,,,0,200,,556,490,,,0,204,,557,490,,,0,200,,558,490,,,0
1401,'Fête-2-01',634,,560,490,,,0,89,,567,490,,,0,105,,568,490,,,0,105,,569,490,,,0,100,,570,490,,,0,100,,571,490,,,0,99,,572,490,,,0,100,,573,490,,,0,100,,574,490,,,0,101,,561,490,,,0,101,,562,490,,,0,103,,563,490,,,0,101,,564,490,,,0,195,,565,490,,,0,203,,566,490,,,0
1401,'Semaine-01',634,,577,490,,,0,89,,584,490,,,0,105,,585,490,,,0,105,,586,490,,,0,100,,587,490,,,0,100,,588,490,,,0,99,,589,490,,,0,100,,590,490,,,0,100,,591,490,,,0,101,,578,490,,,0,101,,579,490,,,0,103,,580,490,,,0,101,,581,490,,,0,195,,582,490,,,0,203,,583,490,,,0
1401,'Week-end-01',642,,592,490,,,0,200,,593,490,,,0,200,,594,490,,,0,198,,595,490,,,0,200,,596,490,,,0,198,,597,490,,,0,200,,598,490,,,0,204,,599,490,,,0,200,,600,490,,,0
