100,'Fête-1-01',925,,1,260,,,0,200,,2,260,,,0,200,,3,260,,,0,200,,4,260,,,0,200,,5,260,,,0,200,,6,260,,,0,200,,7,260,,,0,198,,8,260,,,0
100,'Fête-2-01',913,,11,260,,,0,100,,12,260,,,0,100,,13,260,,,0,121,,14,260,,,0,100,,15,260,,,0,100,,16,260,,,0,93,,22,260,,,0,100,,17,260,,,0,95,,18,260,,,0,106,,23,260,,,0,101,,24,260,,,0,195,,25,260,,,0,197,,26,260,,,0
100,'Semaine-01',913,,29,260,,,0,100,,30,260,,,0,100,,31,260,,,0,121,,32,260,,,0,100,,33,260,,,0,100,,34,260,,,0,93,,40,260,,,0,100,,35,260,,,0,95,,36,260,,,0,106,,41,260,,,0,101,,42,260,,,0,195,,43,260,,,0,197,,44,260,,,0
100,'Week-end-01',925,,45,260,,,0,200,,46,260,,,0,200,,47,260,,,0,200,,48,260,,,0,200,,49,260,,,0,200,,50,260,,,0,200,,51,260,,,0,198,,52,260,,,0
101,'Fête-1-01',835,,53,330,,,0,200,,54,330,,,0,197,,55,330,,,0,200,,56,330,,,0,200,,57,330,,,0,200,,58,330,,,0,202,,59,330,,,0,200,,60,330,,,0
101,'Fête-2-01',823,,71,390,,,0,102,,63,390,,,0,98,,64,390,,,0,100,,65,390,,,0,105,,66,390,,,0,102,,67,390,,,0,100,,68,390,,,0,101,,62,390,,,0
101,'Semaine-01',823,,88,390,,,0,102,,80,390,,,0,98,,81,390,,,0,100,,82,390,,,0,105,,83,390,,,0,102,,84,390,,,0,100,,85,390,,,0,101,,79,390,,,0
101,'Week-end-01',835,,95,330,,,0,200,,96,330,,,0,197,,97,330,,,0,200,,98,330,,,0,200,,99,330,,,0,200,,100,330,,,0,202,,101,330,,,0,200,,102,330,,,0
801,'Fête-1-01',844,,215,410,,,0,200,,216,410,,,0,196,,217,410,,,0,200,,218,410,,,0,200,,219,410,,,0,200,,220,410,,,0,202,,221,410,,,0,200,,222,410,,,0
801,'Fête-2-01',632,,237,290,,,0,189,,230,410,,,0,112,,231,410,,,0,100,,232,410,,,0,103,,233,410,,,0,103,,234,410,,,0,104,,235,410,,,0,101,,236,410,,,0,96,,223,410,,,0,103,,224,410,,,0,69,,225,420,,,0,28,,226,410,,,0,102,,227,410,,,0,194,,228,410,,,0,201,,229,410,,,0
801,'Semaine-01',632,,252,290,,,0,189,,245,410,,,0,112,,246,410,,,0,100,,247,410,,,0,103,,248,410,,,0,103,,249,410,,,0,104,,250,410,,,0,101,,251,410,,,0,96,,238,410,,,0,103,,239,410,,,0,69,,240,420,,,0,28,,241,410,,,0,102,,242,410,,,0,194,,243,410,,,0,201,,244,410,,,0
801,'Week-end-01',844,,253,410,,,0,200,,254,410,,,0,196,,255,410,,,0,200,,256,410,,,0,200,,257,410,,,0,200,,258,410,,,0,202,,259,410,,,0,200,,260,410,,,0
1500,'Fête-1-01',921,,601,260,,,1,100,,602,260,,,1,100,,603,260,,,1,100,,604,260,,,1,102,,605,260,,,1,100,,606,260,,,1,100,,607,260,,,1,100,,608,260,,,1,100,,609,260,,,1,99,,610,260,,,1,100,,611,260,,,1,198,,612,260,,,1,200,,613,260,,,1
1500,'Fête-2-01',719,,614,260,,,1,91,,621,260,,,1,99,,622,260,,,1,100,,623,260,,,1,100,,624,260,,,1,108,,625,260,,,1,96,,626,260,,,1,100,,627,260,,,1,100,,628,260,,,1,107,,615,260,,,1,104,,616,260,,,1,97,,617,260,,,1,102,,618,260,,,1,194,,619,260,,,1,201,,620,260,,,1
1500,'Semaine-01',719,,629,260,,,1,91,,636,260,,,1,99,,637,260,,,1,100,,638,260,,,1,100,,639,260,,,1,108,,640,260,,,1,96,,641,260,,,1,100,,642,260,,,1,100,,643,260,,,1,107,,630,260,,,1,104,,631,260,,,1,97,,632,260,,,1,102,,633,260,,,1,194,,634,260,,,1,201,,635,260,,,1
1500,'Week-end-01',921,,644,260,,,1,100,,645,260,,,1,100,,646,260,,,1,100,,647,260,,,1,102,,648,260,,,1,100,,649,260,,,1,100,,650,260,,,1,100,,651,260,,,1,100,,652,260,,,1,99,,653,260,,,1,100,,654,260,,,1,198,,655,260,,,1,200,,656,260,,,1
1501,'Fête-1-01',845,,657,300,,,1,100,,658,300,,,1,100,,659,300,,,1,100,,660,300,,,1,100,,661,300,,,1,100,,662,300,,,1,98,,663,300,,,1,100,,664,300,,,1,100,,665,300,,,1,100,,666,300,,,1,100,,667,300,,,1,202,,668,300,,,1,200,,669,300,,,1
1501,'Fête-2-01',643,,670,300,,,1,95,,677,300,,,1,98,,678,300,,,1,98,,679,300,,,1,100,,680,300,,,1,105,,681,300,,,1,101,,682,300,,,1,100,,683,300,,,1,100,,684,300,,,1,99,,671,300,,,1,101,,672,300,,,1,105,,673,300,,,1,91,,674,300,,,1,205,,675,300,,,1,198,,676,300,,,1
1501,'Semaine-01',643,,685,300,,,1,95,,692,300,,,1,98,,693,300,,,1,98,,694,300,,,1,100,,695,300,,,1,105,,696,300,,,1,101,,697,300,,,1,100,,698,300,,,1,100,,699,300,,,1,99,,686,300,,,1,101,,687,300,,,1,105,,688,300,,,1,91,,689,300,,,1,205,,690,300,,,1,198,,691,300,,,1
1501,'Week-end-01',845,,700,300,,,1,100,,701,300,,,1,100,,702,300,,,1,100,,703,300,,,1,100,,704,300,,,1,100,,705,300,,,1,98,,706,300,,,1,100,,707,300,,,1,100,,708,300,,,1,100,,709,300,,,1,100,,710,300,,,1,202,,711,300,,,1,200,,712,300,,,1
30000,'Fête-2-01',631,,778,320,,,0,198,,779,320,,,0,383,,780,320,,,0,398,,781,320,,,0,120,,782,320,,,0,95,,783,320,,,0,93,,784,320,,,0,492,,785,320,,,0
30000,'Semaine-01',631,,786,320,,,0,198,,787,320,,,0,383,,788,320,,,0,398,,789,320,,,0,120,,790,320,,,0,95,,791,320,,,0,93,,792,320,,,0,492,,793,320,,,0
30001,'Fête-2-01',453,,800,290,,,0,65,,794,290,,,0,35,,795,290,,,0,70,,798,290,,,0,20,,796,290,,,0,75,,799,290,,,0,30,,797,290,,,0
30001,'Semaine-01',453,,807,290,,,0,65,,801,290,,,0,35,,802,290,,,0,70,,805,290,,,0,20,,803,290,,,0,75,,806,290,,,0,30,,804,290,,,0
40000,'Fête-1-01',807,,808,340,0,7,0,110,,809,340,0,7,0,101,,810,340,0,7,0,101,,811,340,0,7,0,100,,812,340,0,7,0,100,,813,340,0,7,0,100,,814,340,0,7,0,100,,815,340,0,7,0,100,,816,340,0,7,0,102,,817,340,0,7,0,100,,818,340,0,7,0,99,,819,340,0,7,0,100,,820,340,0,7,0,98,,821,340,0,7,0,100,,822,340,0,7,0,99,,823,340,0,7,0,100,,824,340,0,7,0,100,,825,340,0,7,0,100,,826,340,0,7,0
40000,'Fête-2-01',702,,842,340,,,0,43,,834,340,0,7,0,71,,866,340,,,0,24,,867,340,,,0,85,,835,340,0,7,0,80,,836,340,0,7,0,20,,849,340,0,7,0,93,,858,340,0,7,0,107,,827,340,0,7,0,100,,861,340,0,7,0,100,,862,340,0,7,0,80,,832,340,0,7,0,40,,863,340,0,7,0,70,,864,340,0,7,0,15,,865,340,0,7,0,15,,844,340,0,7,0,55,,845,340,0,7,0,10,,846,340,0,7,0,10,,847,340,0,7,0,29,,848,340,0,7,0,10,,850,340,0,7,0,58,,851,340,0,7,0,20,,852,340,0,7,0,19,,853,340,0,7,0,93,,854,340,0,7,0,65,,833,340,0,7,0,30,,855,340,0,7,0,70,,837,340,0,7,0,30,,856,340,0,7,0,70,,838,340,0,7,0,30,,857,340,0,7,0,70,,839,340,0,7,0,30,,859,340,0,7,0,165,,843,340,0,7,0,100,,860,340,0,7,0
40000,'Semaine-01',702,,883,340,,,0,43,,875,340,0,7,0,71,,907,340,,,0,24,,908,340,,,0,85,,876,340,0,7,0,80,,877,340,0,7,0,20,,890,340,0,7,0,93,,899,340,0,7,0,107,,868,340,0,7,0,100,,902,340,0,7,0,100,,903,340,0,7,0,80,,873,340,0,7,0,40,,904,340,0,7,0,70,,905,340,0,7,0,15,,906,340,0,7,0,15,,885,340,0,7,0,55,,886,340,0,7,0,10,,887,340,0,7,0,10,,888,340,0,7,0,29,,889,340,0,7,0,10,,891,340,0,7,0,58,,892,340,0,7,0,20,,893,340,0,7,0,19,,894,340,0,7,0,93,,895,340,0,7,0,65,,874,340,0,7,0,30,,896,340,0,7,0,70,,878,340,0,7,0,30,,897,340,0,7,0,70,,879,340,0,7,0,30,,898,340,0,7,0,70,,880,340,0,7,0,30,,900,340,0,7,0,165,,884,340,0,7,0,100,,901,340,0,7,0
40000,'Week-end-01',807,,909,340,0,7,0,110,,910,340,0,7,0,101,,911,340,0,7,0,101,,912,340,0,7,0,100,,913,340,0,7,0,100,,914,340,0,7,0,100,,915,340,0,7,0,100,,916,340,0,7,0,100,,917,340,0,7,0,102,,918,340,0,7,0,100,,919,340,0,7,0,99,,920,340,0,7,0,100,,921,340,0,7,0,98,,922,340,0,7,0,100,,923,340,0,7,0,99,,924,340,0,7,0,100,,925,340,0,7,0,100,,926,340,0,7,0,100,,927,340,0,7,0
40001,'Fête-1-01',645,,928,290,,,0,109,,929,290,,,0,100,,930,290,,,0,100,,931,290,,,0,100,,932,290,,,0,100,,933,290,,,0,100,,934,290,,,0,98,,935,290,,,0,98,,936,290,,,0,100,,937,290,,,0,100,,938,290,,,0,100,,939,290,,,0,100,,940,290,,,0,101,,941,290,,,0,100,,942,290,,,0,100,,943,290,,,0,101,,944,290,,,0,101,,945,290,,,0,100,,946,290,,,0
40001,'Fête-2-01',440,,989,290,,,0,63,,990,290,,,0,30,,983,290,,,0,70,,985,290,,,0,10,,986,290,,,0,20,,966,290,,,0,20,,987,290,,,0,55,,988,290,,,0,30,,978,290,,,0,70,,979,290,,,0,10,,984,290,,,0,13,,958,20,,,0,17,,980,290,,,0,58,,959,20,,,0,42,,981,290,,,0,58,,960,20,,,0,19,,953,290,,,0,23,,982,290,,,0,58,,961,20,,,0,42,,967,290,,,0,58,,962,20,,,0,20,,947,290,,,0,22,,968,290,,,0,63,,948,20,,,0,42,,969,290,,,0,58,,949,20,,,0,42,,970,290,,,0,60,,955,290,,,0,18,,963,20,,,0,22,,971,290,,,0,58,,950,20,,,0,43,,991,290,,,0,66,,992,410,,,0,27,,964,410,,,0,71,,954,290,,,0,25,,965,410,,,0,72,,951,290,,,0,31,,972,290,,,0,70,,952,20,,,0,30,,973,290,,,0,70,,957,20,,,0,32,,974,290,,,0,68,,956,20,,,0,28,,975,290,,,0,100,,976,290,,,0,104,,977,290,,,0
40001,'Semaine-01',440,,1036,290,,,0,63,,1037,290,,,0,30,,1030,290,,,0,70,,1032,290,,,0,10,,1033,290,,,0,20,,1013,290,,,0,20,,1034,290,,,0,55,,1035,290,,,0,13,,1010,20,,,0,17,,1025,290,,,0,70,,1026,290,,,0,10,,1031,290,,,0,13,,1004,20,,,0,17,,1027,290,,,0,58,,1005,20,,,0,42,,1028,290,,,0,58,,1006,20,,,0,19,,999,290,,,0,23,,1029,290,,,0,58,,1007,20,,,0,42,,1014,290,,,0,58,,1008,20,,,0,20,,993,290,,,0,22,,1015,290,,,0,63,,994,20,,,0,42,,1016,290,,,0,58,,995,20,,,0,42,,1017,290,,,0,60,,1001,290,,,0,18,,1009,20,,,0,22,,1018,290,,,0,58,,996,20,,,0,43,,1038,290,,,0,66,,1039,410,,,0,27,,1011,410,,,0,71,,1000,290,,,0,25,,1012,410,,,0,72,,997,290,,,0,31,,1019,290,,,0,70,,998,20,,,0,30,,1020,290,,,0,70,,1003,20,,,0,32,,1021,290,,,0,68,,1002,20,,,0,28,,1022,290,,,0,100,,1023,290,,,0,104,,1024,290,,,0
40001,'Week-end-01',645,,1040,290,,,0,109,,1041,290,,,0,100,,1042,290,,,0,100,,1043,290,,,0,100,,1044,290,,,0,100,,1045,290,,,0,100,,1046,290,,,0,98,,1047,290,,,0,98,,1048,290,,,0,100,,1049,290,,,0,100,,1050,290,,,0,100,,1051,290,,,0,100,,1052,290,,,0,101,,1053,290,,,0,100,,1054,290,,,0,100,,1055,290,,,0,101,,1056,290,,,0,101,,1057,290,,,0,100,,1058,290,,,0
