100,'Fête-1-01',928,,1,300,,,0,200,,2,300,,,0,200,,3,300,,,0,200,,4,300,,,0,200,,5,300,,,0,200,,6,300,,,0,200,,7,300,,,0,198,,8,300,,,0
100,'Fête-2-01',917,,11,300,,,0,100,,12,300,,,0,100,,13,300,,,0,121,,14,300,,,0,100,,15,300,,,0,100,,16,300,,,0,93,,22,300,,,0,100,,17,300,,,0,95,,18,300,,,0,106,,23,300,,,0,101,,24,300,,,0,195,,25,300,,,0,197,,26,300,,,0
100,'Semaine-01',917,,29,300,,,0,100,,30,300,,,0,100,,31,300,,,0,121,,32,300,,,0,100,,33,300,,,0,100,,34,300,,,0,93,,40,300,,,0,100,,35,300,,,0,95,,36,300,,,0,106,,41,300,,,0,101,,42,300,,,0,195,,43,300,,,0,197,,44,300,,,0
100,'Week-end-01',928,,45,300,,,0,200,,46,300,,,0,200,,47,300,,,0,200,,48,300,,,0,200,,49,300,,,0,200,,50,300,,,0,200,,51,300,,,0,198,,52,300,,,0
101,'Fête-1-01',838,,53,370,,,0,200,,54,370,,,0,197,,55,370,,,0,200,,56,370,,,0,200,,57,370,,,0,200,,58,370,,,0,202,,59,370,,,0,200,,60,370,,,0
101,'Fête-2-01',827,,71,430,,,0,102,,63,430,,,0,98,,64,430,,,0,100,,65,430,,,0,105,,66,430,,,0,102,,67,430,,,0,100,,68,430,,,0,101,,62,430,,,0
101,'Semaine-01',827,,88,430,,,0,102,,80,430,,,0,98,,81,430,,,0,100,,82,430,,,0,105,,83,430,,,0,102,,84,430,,,0,100,,85,430,,,0,101,,79,430,,,0
101,'Week-end-01',838,,95,370,,,0,200,,96,370,,,0,197,,97,370,,,0,200,,98,370,,,0,200,,99,370,,,0,200,,100,370,,,0,202,,101,370,,,0,200,,102,370,,,0
801,'Fête-1-01',847,,215,450,,,0,200,,216,450,,,0,196,,217,450,,,0,200,,218,450,,,0,200,,219,450,,,0,200,,220,450,,,0,202,,221,450,,,0,200,,222,450,,,0
801,'Fête-2-01',635,,237,330,,,0,189,,230,450,,,0,112,,231,450,,,0,100,,232,450,,,0,103,,233,450,,,0,103,,234,450,,,0,104,,235,450,,,0,101,,236,450,,,0,97,,223,450,,,0,103,,224,450,,,0,69,,225,460,,,0,28,,226,450,,,0,102,,227,450,,,0,194,,228,450,,,0,200,,229,450,,,0
801,'Semaine-01',635,,252,330,,,0,189,,245,450,,,0,112,,246,450,,,0,100,,247,450,,,0,103,,248,450,,,0,103,,249,450,,,0,104,,250,450,,,0,101,,251,450,,,0,97,,238,450,,,0,103,,239,450,,,0,69,,240,460,,,0,28,,241,450,,,0,102,,242,450,,,0,194,,243,450,,,0,200,,244,450,,,0
801,'Week-end-01',847,,253,450,,,0,200,,254,450,,,0,196,,255,450,,,0,200,,256,450,,,0,200,,257,450,,,0,200,,258,450,,,0,202,,259,450,,,0,200,,260,450,,,0
