100,'Fête-1-01',958,,1,590,,,0,200,,2,590,,,0,200,,3,590,,,0,200,,4,590,,,0,200,,5,590,,,0,200,,6,590,,,0,200,,7,590,,,0,198,,8,590,,,0
100,'Week-end-01',958,,45,590,,,0,200,,46,590,,,0,200,,47,590,,,0,200,,48,590,,,0,200,,49,590,,,0,200,,50,590,,,0,200,,51,590,,,0,198,,52,590,,,0
201,'Fête-2-01',754,,123,390,,,0,157,,121,390,,,0,205,,126,260,,,0,207,,124,390,,,0,278,,127,260,,,0,209,,125,390,,,0,122,,122,390,,,0
201,'Semaine-01',754,,132,390,,,0,157,,130,390,,,0,205,,135,260,,,0,207,,133,390,,,0,278,,136,260,,,0,209,,134,390,,,0,122,,131,390,,,0
601,'Fête-2-01',1833,,158,370,0,9,0,81,,159,370,0,7,0
601,'Semaine-01',1833,,162,370,0,9,0,81,,163,370,0,7,0
801,'Fête-1-01',827,,215,120,,,0,200,,216,120,,,0,196,,217,120,,,0,200,,218,120,,,0,200,,219,120,,,0,200,,220,120,,,0,202,,221,120,,,0,200,,222,120,,,0
801,'Fête-2-01',803,,230,120,,,0,112,,231,120,,,0,100,,232,120,,,0,103,,233,120,,,0,103,,234,120,,,0,104,,235,120,,,0,101,,236,120,,,0,95,,223,120,,,0,104,,224,120,,,0,29,,225,130,,,0,68,,226,120,,,0,102,,227,120,,,0,195,,228,120,,,0,201,,229,120,,,0
801,'Semaine-01',803,,245,120,,,0,112,,246,120,,,0,100,,247,120,,,0,103,,248,120,,,0,103,,249,120,,,0,104,,250,120,,,0,101,,251,120,,,0,95,,238,120,,,0,104,,239,120,,,0,29,,240,130,,,0,68,,241,120,,,0,102,,242,120,,,0,195,,243,120,,,0,201,,244,120,,,0
801,'Week-end-01',827,,253,120,,,0,200,,254,120,,,0,196,,255,120,,,0,200,,256,120,,,0,200,,257,120,,,0,200,,258,120,,,0,202,,259,120,,,0,200,,260,120,,,0
40001,'Fête-2-01',1659,,992,120,,,0,67,,964,120,,,0,99,,965,120,,,0
40001,'Semaine-01',1659,,1039,120,,,0,67,,1011,120,,,0,99,,1012,120,,,0
