801,'Fête-1-01',829,,215,160,,,0,200,,216,160,,,0,196,,217,160,,,0,200,,218,160,,,0,200,,219,160,,,0,200,,220,160,,,0,202,,221,160,,,0,200,,222,160,,,0
801,'Fête-2-01',617,,237,40,,,0,188,,230,160,,,0,112,,231,160,,,0,100,,232,160,,,0,103,,233,160,,,0,103,,234,160,,,0,104,,235,160,,,0,101,,236,160,,,0,95,,223,160,,,0,104,,224,160,,,0,29,,225,170,,,0,68,,226,160,,,0,102,,227,160,,,0,195,,228,160,,,0,201,,229,160,,,0
801,'Semaine-01',617,,252,40,,,0,188,,245,160,,,0,112,,246,160,,,0,100,,247,160,,,0,103,,248,160,,,0,103,,249,160,,,0,104,,250,160,,,0,101,,251,160,,,0,95,,238,160,,,0,104,,239,160,,,0,29,,240,170,,,0,68,,241,160,,,0,102,,242,160,,,0,195,,243,160,,,0,201,,244,160,,,0
801,'Week-end-01',829,,253,160,,,0,200,,254,160,,,0,196,,255,160,,,0,200,,256,160,,,0,200,,257,160,,,0,200,,258,160,,,0,202,,259,160,,,0,200,,260,160,,,0
30001,'Fête-2-01',437,,800,40,,,0,65,,794,40,,,0,35,,795,40,,,0,69,,798,40,,,0,20,,796,40,,,0,75,,799,40,,,0,30,,797,40,,,0
30001,'Semaine-01',437,,807,40,,,0,65,,801,40,,,0,35,,802,40,,,0,69,,805,40,,,0,20,,803,40,,,0,75,,806,40,,,0,30,,804,40,,,0
40001,'Fête-1-01',630,,928,40,,,0,106,,929,40,,,0,99,,930,40,,,0,100,,931,40,,,0,99,,932,40,,,0,100,,933,40,,,0,100,,934,40,,,0,96,,935,40,,,0,99,,936,40,,,0,103,,937,40,,,0,100,,938,40,,,0,100,,939,40,,,0,100,,940,40,,,0,101,,941,40,,,0,100,,942,40,,,0,100,,943,40,,,0,102,,944,40,,,0,102,,945,40,,,0,100,,946,40,,,0
40001,'Fête-2-01',422,,989,40,,,0,23,,990,40,,,0,70,,983,40,,,0,30,,985,40,,,0,10,,986,40,,,0,60,,966,40,,,0,20,,987,40,,,0,15,,988,40,,,0,70,,978,40,,,0,30,,979,40,,,0,50,,984,40,,,0,30,,980,40,,,0,100,,981,40,,,0,77,,953,40,,,0,23,,982,40,,,0,100,,967,40,,,0,78,,947,40,,,0,22,,968,40,,,0,105,,969,40,,,0,99,,970,40,,,0,20,,955,40,,,0,80,,971,40,,,0,102,,991,40,,,0,66,,992,160,,,0,28,,964,160,,,0,72,,954,40,,,0,25,,965,160,,,0,32,,951,40,,,0,71,,972,40,,,0,101,,973,40,,,0,102,,974,40,,,0,96,,975,40,,,0,100,,976,40,,,0,104,,977,40,,,0
40001,'Semaine-01',422,,1036,40,,,0,23,,1037,40,,,0,70,,1030,40,,,0,30,,1032,40,,,0,10,,1033,40,,,0,60,,1013,40,,,0,20,,1034,40,,,0,15,,1035,40,,,0,70,,1025,40,,,0,30,,1026,40,,,0,50,,1031,40,,,0,30,,1027,40,,,0,100,,1028,40,,,0,77,,999,40,,,0,23,,1029,40,,,0,100,,1014,40,,,0,78,,993,40,,,0,22,,1015,40,,,0,105,,1016,40,,,0,99,,1017,40,,,0,20,,1001,40,,,0,80,,1018,40,,,0,102,,1038,40,,,0,66,,1039,160,,,0,28,,1011,160,,,0,72,,1000,40,,,0,25,,1012,160,,,0,32,,997,40,,,0,71,,1019,40,,,0,101,,1020,40,,,0,102,,1021,40,,,0,96,,1022,40,,,0,100,,1023,40,,,0,104,,1024,40,,,0
40001,'Week-end-01',630,,1040,40,,,0,106,,1041,40,,,0,99,,1042,40,,,0,100,,1043,40,,,0,99,,1044,40,,,0,100,,1045,40,,,0,100,,1046,40,,,0,96,,1047,40,,,0,99,,1048,40,,,0,103,,1049,40,,,0,100,,1050,40,,,0,100,,1051,40,,,0,100,,1052,40,,,0,101,,1053,40,,,0,100,,1054,40,,,0,100,,1055,40,,,0,102,,1056,40,,,0,102,,1057,40,,,0,100,,1058,40,,,0
