1101,'Fête-1-01',824,,439,290,,,0,198,,440,290,,,0,200,,441,290,,,0,200,,442,290,,,0,200,,443,290,,,0,200,,444,290,,,0,200,,445,290,,,0,200,,446,290,,,0
1101,'Fête-2-01',515,,465,150,,,0,32,,466,150,,,0,85,,447,150,,,0,26,,464,150,,,0,86,,448,290,,,0,173,,456,290,,,0,100,,457,290,,,0,99,,458,290,,,0,100,,459,290,,,0,100,,460,290,,,0,100,,461,290,,,0,101,,462,290,,,0,100,,463,290,,,0,116,,449,290,,,0,100,,450,290,,,0,84,,451,290,,,0,98,,452,290,,,0,100,,453,290,,,0,100,,454,290,,,0,100,,455,290,,,0
1101,'Semaine-01',515,,485,150,,,0,32,,487,150,,,0,85,,467,150,,,0,26,,484,150,,,0,86,,468,290,,,0,173,,476,290,,,0,100,,477,290,,,0,99,,478,290,,,0,100,,479,290,,,0,100,,480,290,,,0,100,,481,290,,,0,101,,482,290,,,0,100,,483,290,,,0,42,,486,290,,,0,74,,469,290,,,0,100,,470,290,,,0,84,,471,290,,,0,98,,472,290,,,0,100,,473,290,,,0,100,,474,290,,,0,100,,475,290,,,0
1101,'Week-end-01',824,,488,290,,,0,198,,489,290,,,0,200,,490,290,,,0,200,,491,290,,,0,200,,492,290,,,0,200,,493,290,,,0,200,,494,290,,,0,200,,495,290,,,0
1401,'Fête-1-01',631,,550,350,,,0,200,,551,350,,,0,200,,552,350,,,0,198,,553,350,,,0,200,,554,350,,,0,196,,555,350,,,0,200,,556,350,,,0,206,,557,350,,,0,200,,558,350,,,0
1401,'Fête-2-01',621,,560,350,,,0,87,,567,350,,,0,105,,568,350,,,0,105,,569,350,,,0,100,,570,350,,,0,100,,571,350,,,0,99,,572,350,,,0,100,,573,350,,,0,100,,574,350,,,0,101,,561,350,,,0,100,,562,350,,,0,30,,559,350,,,0,73,,563,350,,,0,103,,564,350,,,0,195,,565,350,,,0,203,,566,350,,,0
1401,'Semaine-01',621,,577,350,,,0,87,,584,350,,,0,38,,576,350,,,0,67,,585,350,,,0,105,,586,350,,,0,100,,587,350,,,0,100,,588,350,,,0,99,,589,350,,,0,100,,590,350,,,0,100,,591,350,,,0,101,,578,350,,,0,100,,579,350,,,0,30,,575,350,,,0,73,,580,350,,,0,103,,581,350,,,0,195,,582,350,,,0,203,,583,350,,,0
1401,'Week-end-01',631,,592,350,,,0,200,,593,350,,,0,200,,594,350,,,0,198,,595,350,,,0,200,,596,350,,,0,196,,597,350,,,0,200,,598,350,,,0,206,,599,350,,,0,200,,600,350,,,0
10001,'Fête-2-01',446,,730,180,,,0,70,,726,450,,,0,88,,729,450,,,0,38,,727,450,,,0,71,,728,450,,,0,27,,725,40,,,0
10001,'Semaine-01',446,,737,180,,,0,70,,732,450,,,0,88,,735,450,,,0,29,,736,40,,,0,9,,733,450,,,0,71,,734,450,,,0,27,,731,40,,,0
