800,'Fête-1-01',937,,165,430,,,0,201,,166,430,,,0,200,,167,430,,,0,200,,168,430,,,0,201,,169,430,,,0,197,,170,430,,,0,199,,171,430,,,0,198,,172,430,,,0
800,'Fête-2-01',700,,174,430,,,0,30,,173,260,,,0,78,,175,430,,,0,39,,189,430,,,0,75,,184,430,,,0,99,,185,430,,,0,100,,176,430,,,0,105,,177,430,,,0,100,,186,430,,,0,105,,187,430,,,0,105,,188,430,,,0,100,,178,430,,,0,95,,179,430,,,0,112,,180,430,,,0,92,,181,430,,,0,195,,182,430,,,0,197,,183,430,,,0
800,'Semaine-01',700,,191,430,,,0,30,,190,260,,,0,78,,192,430,,,0,39,,206,430,,,0,75,,201,430,,,0,99,,202,430,,,0,100,,193,430,,,0,105,,194,430,,,0,100,,203,430,,,0,105,,204,430,,,0,105,,205,430,,,0,100,,195,430,,,0,95,,196,430,,,0,112,,197,430,,,0,92,,198,430,,,0,195,,199,430,,,0,197,,200,430,,,0
800,'Week-end-01',937,,207,430,,,0,201,,208,430,,,0,200,,209,430,,,0,200,,210,430,,,0,201,,211,430,,,0,197,,212,430,,,0,199,,213,430,,,0,198,,214,430,,,0
30000,'Fête-2-01',644,,778,560,,,0,198,,779,560,,,0,383,,780,560,,,0,400,,781,560,,,0,120,,782,560,,,0,93,,783,560,,,0,92,,784,560,,,0,492,,785,560,,,0
30000,'Semaine-01',644,,786,560,,,0,198,,787,560,,,0,383,,788,560,,,0,400,,789,560,,,0,120,,790,560,,,0,93,,791,560,,,0,92,,792,560,,,0,492,,793,560,,,0
40000,'Fête-1-01',819,,808,580,0,7,0,110,,809,580,0,7,0,101,,810,580,0,7,0,101,,811,580,0,7,0,100,,812,580,0,7,0,101,,813,580,0,7,0,102,,814,580,0,7,0,100,,815,580,0,7,0,100,,816,580,0,7,0,101,,817,580,0,7,0,101,,818,580,0,7,0,98,,819,580,0,7,0,100,,820,580,0,7,0,97,,821,580,0,7,0,100,,822,580,0,7,0,99,,823,580,0,7,0,100,,824,580,0,7,0,100,,825,580,0,7,0,100,,826,580,0,7,0
40000,'Fête-2-01',716,,842,580,0,10,0,43,,834,580,0,7,0,73,,866,580,0,10,0,24,,867,580,0,10,0,83,,835,580,0,7,0,80,,836,580,0,7,0,20,,849,580,0,7,0,93,,858,580,0,7,0,107,,827,580,0,7,0,100,,861,580,0,7,0,100,,862,580,0,7,0,81,,832,580,0,7,0,80,,863,580,0,7,0,30,,864,580,0,7,0,15,,865,580,0,7,0,55,,844,580,0,7,0,15,,845,580,0,7,0,10,,846,580,0,7,0,10,,847,580,0,7,0,69,,848,580,0,7,0,10,,850,580,0,7,0,17,,851,580,0,7,0,20,,852,580,0,7,0,59,,853,580,0,7,0,93,,854,580,0,7,0,25,,833,580,0,7,0,30,,855,580,0,7,0,70,,837,580,0,7,0,30,,856,580,0,7,0,70,,838,580,0,7,0,30,,857,580,0,7,0,69,,839,580,0,7,0,30,,859,580,0,7,0,165,,843,580,0,7,0,100,,860,580,0,7,0
40000,'Semaine-01',716,,883,580,0,10,0,43,,875,580,0,7,0,73,,907,580,0,10,0,24,,908,580,0,10,0,83,,876,580,0,7,0,80,,877,580,0,7,0,20,,890,580,0,7,0,93,,899,580,0,7,0,107,,868,580,0,7,0,100,,902,580,0,7,0,100,,903,580,0,7,0,81,,873,580,0,7,0,80,,904,580,0,7,0,30,,905,580,0,7,0,15,,906,580,0,7,0,55,,885,580,0,7,0,15,,886,580,0,7,0,10,,887,580,0,7,0,10,,888,580,0,7,0,69,,889,580,0,7,0,10,,891,580,0,7,0,17,,892,580,0,7,0,20,,893,580,0,7,0,59,,894,580,0,7,0,93,,895,580,0,7,0,25,,874,580,0,7,0,30,,896,580,0,7,0,70,,878,580,0,7,0,30,,897,580,0,7,0,70,,879,580,0,7,0,30,,898,580,0,7,0,69,,880,580,0,7,0,30,,900,580,0,7,0,165,,884,580,0,7,0,100,,901,580,0,7,0
40000,'Week-end-01',819,,909,580,0,7,0,110,,910,580,0,7,0,101,,911,580,0,7,0,101,,912,580,0,7,0,100,,913,580,0,7,0,101,,914,580,0,7,0,102,,915,580,0,7,0,100,,916,580,0,7,0,100,,917,580,0,7,0,101,,918,580,0,7,0,101,,919,580,0,7,0,98,,920,580,0,7,0,100,,921,580,0,7,0,97,,922,580,0,7,0,100,,923,580,0,7,0,99,,924,580,0,7,0,100,,925,580,0,7,0,100,,926,580,0,7,0,100,,927,580,0,7,0
