1100,'Fête-1-01',945,,381,420,,,0,200,,382,420,,,0,200,,383,420,,,0,200,,384,420,,,0,200,,385,420,,,0,200,,386,420,,,0,200,,387,420,,,0,198,,388,420,,,0
1100,'Fête-2-01',634,,407,420,,,0,101,,390,420,,,0,103,,398,420,,,0,77,,399,420,,,0,100,,400,420,,,0,112,,401,420,,,0,100,,402,420,,,0,88,,403,420,,,0,100,,404,420,,,0,100,,405,420,,,0,100,,391,420,,,0,112,,392,420,,,0,90,,406,420,,,0,104,,389,420,,,0,100,,393,420,,,0,93,,394,420,,,0,100,,395,420,,,0,100,,396,420,,,0,98,,397,420,,,0
1100,'Semaine-01',634,,430,420,,,0,101,,411,420,,,0,100,,410,280,,,0,3,,420,420,,,0,77,,421,420,,,0,100,,422,420,,,0,112,,423,420,,,0,100,,424,420,,,0,88,,425,420,,,0,100,,426,420,,,0,100,,427,420,,,0,100,,412,420,,,0,32,,409,420,,,0,80,,413,420,,,0,25,,414,420,,,0,65,,428,420,,,0,24,,429,420,,,0,80,,408,420,,,0,100,,415,420,,,0,93,,416,420,,,0,100,,417,420,,,0,100,,418,420,,,0,98,,419,420,,,0
1100,'Week-end-01',945,,431,420,,,0,200,,432,420,,,0,200,,433,420,,,0,200,,434,420,,,0,200,,435,420,,,0,200,,436,420,,,0,200,,437,420,,,0,198,,438,420,,,0
1400,'Fête-1-01',741,,496,440,,,0,200,,497,440,,,0,200,,498,440,,,0,200,,499,440,,,0,200,,500,440,,,0,200,,501,440,,,0,200,,502,440,,,0,200,,503,440,,,0,198,,504,440,,,0,187,,505,350,,,0
1400,'Fête-2-01',652,,522,440,,,0,73,,506,440,,,0,94,,513,440,,,0,104,,514,440,,,0,103,,515,440,,,0,111,,516,440,,,0,100,,517,440,,,0,101,,518,440,,,0,100,,519,440,,,0,103,,520,440,,,0,101,,507,440,,,0,107,,508,440,,,0,87,,509,440,,,0,102,,510,440,,,0,193,,511,440,,,0,196,,512,440,,,0,194,,521,440,,,0
1400,'Semaine-01',652,,539,440,,,0,73,,523,440,,,0,94,,530,440,,,0,104,,531,440,,,0,103,,532,440,,,0,111,,533,440,,,0,100,,534,440,,,0,101,,535,440,,,0,100,,536,440,,,0,103,,537,440,,,0,101,,524,440,,,0,107,,525,440,,,0,87,,526,440,,,0,102,,527,440,,,0,193,,528,440,,,0,196,,529,440,,,0,194,,538,440,,,0
1400,'Week-end-01',741,,540,440,,,0,200,,541,440,,,0,200,,542,440,,,0,200,,543,440,,,0,200,,544,440,,,0,200,,545,440,,,0,200,,546,440,,,0,200,,547,440,,,0,198,,548,440,,,0,187,,549,350,,,0
10000,'Fête-2-01',1646,,713,490,,,0,68,,714,490,,,0,25,,718,490,,,0,82,,716,490,,,0,15,,715,490,,,0,69,,717,490,,,0
10000,'Semaine-01',1646,,719,490,,,0,68,,720,490,,,0,25,,724,490,,,0,82,,722,490,,,0,15,,721,490,,,0,69,,723,490,,,0
