101,'Fête-2-01',612,,76,100,,,0,91,,77,100,,,0,97,,71,100,,,0,102,,63,100,,,0,98,,64,100,,,0,100,,65,100,,,0,105,,66,100,,,0,102,,67,100,,,0,100,,68,100,,,0,100,,62,100,,,0,99,,72,100,,,0,40,,61,100,,,0,71,,74,100,,,0,100,,75,100,,,0,196,,69,100,,,0,197,,70,100,,,0
101,'Semaine-01',612,,93,100,,,0,91,,94,100,,,0,97,,88,100,,,0,102,,80,100,,,0,98,,81,100,,,0,100,,82,100,,,0,105,,83,100,,,0,102,,84,100,,,0,100,,85,100,,,0,100,,79,100,,,0,99,,89,100,,,0,40,,78,100,,,0,71,,91,100,,,0,100,,92,100,,,0,196,,86,100,,,0,197,,87,100,,,0
201,'Fête-2-01',749,,123,370,,,0,157,,121,370,,,0,205,,126,240,,,0,207,,124,370,,,0,239,,127,240,,,0,249,,125,370,,,0,121,,122,370,,,0
201,'Semaine-01',749,,132,370,,,0,157,,130,370,,,0,205,,135,240,,,0,207,,133,370,,,0,239,,136,240,,,0,249,,134,370,,,0,121,,131,370,,,0
601,'Fête-2-01',1831,,158,350,0,9,0,81,,159,350,0,7,0
601,'Semaine-01',1831,,162,350,0,9,0,81,,163,350,0,7,0
801,'Fête-1-01',823,,215,100,,,0,200,,216,100,,,0,196,,217,100,,,0,200,,218,100,,,0,200,,219,100,,,0,200,,220,100,,,0,202,,221,100,,,0,200,,222,100,,,0
801,'Fête-2-01',759,,230,100,,,0,152,,231,100,,,0,100,,232,100,,,0,103,,233,100,,,0,103,,234,100,,,0,104,,235,100,,,0,101,,236,100,,,0,95,,223,100,,,0,104,,224,100,,,0,29,,225,110,,,0,68,,226,100,,,0,102,,227,100,,,0,195,,228,100,,,0,201,,229,100,,,0
801,'Semaine-01',759,,245,100,,,0,152,,246,100,,,0,100,,247,100,,,0,103,,248,100,,,0,103,,249,100,,,0,104,,250,100,,,0,101,,251,100,,,0,95,,238,100,,,0,104,,239,100,,,0,29,,240,110,,,0,68,,241,100,,,0,102,,242,100,,,0,195,,243,100,,,0,201,,244,100,,,0
801,'Week-end-01',823,,253,100,,,0,200,,254,100,,,0,196,,255,100,,,0,200,,256,100,,,0,200,,257,100,,,0,200,,258,100,,,0,202,,259,100,,,0,200,,260,100,,,0
40001,'Fête-2-01',1651,,992,100,,,0,66,,964,100,,,0,104,,965,100,,,0
40001,'Semaine-01',1651,,1039,100,,,0,66,,1011,100,,,0,104,,1012,100,,,0
