100,'Fête-2-01',739,,10,320,,,0,101,,20,560,,,0,60,,9,320,,,0,43,,11,610,,,0,100,,12,610,,,0,100,,13,610,,,0,161,,14,610,,,0,101,,15,610,,,0,100,,16,610,,,0,53,,22,610,,,0,101,,17,610,,,0,94,,18,610,,,0,106,,23,610,,,0,141,,24,610,,,0,155,,25,610,,,0,197,,26,610,,,0
100,'Semaine-01',739,,28,320,,,0,101,,38,560,,,0,60,,27,320,,,0,43,,29,610,,,0,100,,30,610,,,0,100,,31,610,,,0,161,,32,610,,,0,101,,33,610,,,0,100,,34,610,,,0,53,,40,610,,,0,101,,35,610,,,0,94,,36,610,,,0,106,,41,610,,,0,141,,42,610,,,0,155,,43,610,,,0,197,,44,610,,,0
200,'Fête-2-01',1029,,110,90,0,8,0,174,,104,90,,,0,308,,111,90,0,8,0,131,,105,90,,,0,178,,106,90,,,0
200,'Semaine-01',1029,,119,90,0,8,0,174,,113,90,,,0,308,,120,90,0,8,0,131,,114,90,,,0,178,,115,90,,,0
800,'Fête-1-01',945,,165,520,,,0,201,,166,520,,,0,200,,167,520,,,0,200,,168,520,,,0,201,,169,520,,,0,197,,170,520,,,0,199,,171,520,,,0,198,,172,520,,,0
800,'Fête-2-01',709,,174,520,,,0,32,,173,350,,,0,78,,175,520,,,0,39,,189,520,,,0,75,,184,520,,,0,99,,185,520,,,0,100,,176,520,,,0,105,,177,520,,,0,99,,186,520,,,0,105,,187,520,,,0,105,,188,520,,,0,103,,178,520,,,0,91,,179,520,,,0,111,,180,520,,,0,92,,181,520,,,0,194,,182,520,,,0,197,,183,520,,,0
800,'Semaine-01',709,,191,520,,,0,32,,190,350,,,0,78,,192,520,,,0,39,,206,520,,,0,75,,201,520,,,0,99,,202,520,,,0,100,,193,520,,,0,105,,194,520,,,0,99,,203,520,,,0,105,,204,520,,,0,105,,205,520,,,0,103,,195,520,,,0,91,,196,520,,,0,111,,197,520,,,0,92,,198,520,,,0,194,,199,520,,,0,197,,200,520,,,0
800,'Week-end-01',945,,207,520,,,0,201,,208,520,,,0,200,,209,520,,,0,200,,210,520,,,0,201,,211,520,,,0,197,,212,520,,,0,199,,213,520,,,0,198,,214,520,,,0
1100,'Fête-1-01',951,,381,480,,,0,200,,382,480,,,0,200,,383,480,,,0,200,,384,480,,,0,200,,385,480,,,0,200,,386,480,,,0,200,,387,480,,,0,198,,388,480,,,0
1100,'Fête-2-01',640,,407,480,,,0,101,,390,480,,,0,103,,398,480,,,0,78,,399,480,,,0,99,,400,480,,,0,112,,401,480,,,0,100,,402,480,,,0,88,,403,480,,,0,100,,404,480,,,0,100,,405,480,,,0,100,,391,480,,,0,112,,392,480,,,0,90,,406,480,,,0,104,,389,480,,,0,100,,393,480,,,0,93,,394,480,,,0,100,,395,480,,,0,100,,396,480,,,0,98,,397,480,,,0
1100,'Semaine-01',640,,430,480,,,0,101,,411,480,,,0,100,,410,340,,,0,3,,420,480,,,0,78,,421,480,,,0,99,,422,480,,,0,112,,423,480,,,0,100,,424,480,,,0,88,,425,480,,,0,100,,426,480,,,0,100,,427,480,,,0,100,,412,480,,,0,33,,409,480,,,0,79,,413,480,,,0,25,,414,480,,,0,65,,428,480,,,0,24,,429,480,,,0,80,,408,480,,,0,100,,415,480,,,0,93,,416,480,,,0,100,,417,480,,,0,100,,418,480,,,0,98,,419,480,,,0
1100,'Week-end-01',951,,431,480,,,0,200,,432,480,,,0,200,,433,480,,,0,200,,434,480,,,0,200,,435,480,,,0,200,,436,480,,,0,200,,437,480,,,0,198,,438,480,,,0
1400,'Fête-1-01',747,,496,500,,,0,200,,497,500,,,0,200,,498,500,,,0,200,,499,500,,,0,200,,500,500,,,0,200,,501,500,,,0,200,,502,500,,,0,200,,503,500,,,0,198,,504,500,,,0,187,,505,410,,,0
1400,'Fête-2-01',658,,522,500,,,0,73,,506,500,,,0,94,,513,500,,,0,104,,514,500,,,0,103,,515,500,,,0,111,,516,500,,,0,100,,517,500,,,0,101,,518,500,,,0,100,,519,500,,,0,103,,520,500,,,0,101,,507,500,,,0,107,,508,500,,,0,86,,509,500,,,0,102,,510,500,,,0,193,,511,500,,,0,196,,512,500,,,0,194,,521,500,,,0
1400,'Semaine-01',658,,539,500,,,0,73,,523,500,,,0,94,,530,500,,,0,104,,531,500,,,0,103,,532,500,,,0,111,,533,500,,,0,100,,534,500,,,0,101,,535,500,,,0,100,,536,500,,,0,103,,537,500,,,0,101,,524,500,,,0,107,,525,500,,,0,86,,526,500,,,0,102,,527,500,,,0,193,,528,500,,,0,196,,529,500,,,0,194,,538,500,,,0
1400,'Week-end-01',747,,540,500,,,0,200,,541,500,,,0,200,,542,500,,,0,200,,543,500,,,0,200,,544,500,,,0,200,,545,500,,,0,200,,546,500,,,0,200,,547,500,,,0,198,,548,500,,,0,187,,549,410,,,0
10000,'Fête-2-01',1651,,713,550,,,0,68,,714,550,,,0,25,,718,550,,,0,82,,716,550,,,0,15,,715,550,,,0,69,,717,550,,,0
10000,'Semaine-01',1651,,719,550,,,0,68,,720,550,,,0,25,,724,550,,,0,82,,722,550,,,0,15,,721,550,,,0,69,,723,550,,,0
40000,'Fête-2-01',726,,842,670,,,0,116,,866,670,,,0,64,,867,670,,,0
40000,'Semaine-01',726,,883,670,,,0,116,,907,670,,,0,64,,908,670,,,0
