901,'Fête-1-01',829,,321,350,,,0,200,,322,350,,,0,197,,323,350,,,0,200,,324,350,,,0,200,,325,350,,,0,200,,326,350,,,0,202,,327,350,,,0,200,,328,350,,,0,198,,329,350,,,0
901,'Fête-2-01',550,,331,360,,,0,74,,330,360,,,0,102,,332,360,,,0,93,,343,360,,,0,102,,334,360,,,0,100,,335,360,,,0,100,,344,360,,,0,100,,336,360,,,0,107,,345,360,,,0,100,,337,360,,,0,100,,338,360,,,0,102,,333,360,,,0,109,,346,360,,,0,61,,347,360,,,0,30,,348,360,,,0,96,,339,360,,,0,100,,340,360,,,0,100,,349,360,,,0,98,,350,360,,,0,100,,341,360,,,0,99,,342,360,,,0
901,'Semaine-01',550,,352,360,,,0,74,,351,360,,,0,102,,353,360,,,0,93,,364,360,,,0,102,,355,360,,,0,100,,356,360,,,0,100,,365,360,,,0,100,,357,360,,,0,107,,366,360,,,0,100,,358,360,,,0,100,,359,360,,,0,102,,354,360,,,0,109,,367,360,,,0,61,,368,360,,,0,30,,369,360,,,0,96,,360,360,,,0,100,,361,360,,,0,100,,370,360,,,0,98,,371,360,,,0,100,,362,360,,,0,99,,363,360,,,0
901,'Week-end-01',829,,372,350,,,0,200,,373,350,,,0,197,,374,350,,,0,200,,375,350,,,0,200,,376,350,,,0,200,,377,350,,,0,202,,378,350,,,0,200,,379,350,,,0,198,,380,350,,,0
1401,'Fête-1-01',653,,550,670,,,0,200,,551,670,,,0,200,,552,670,,,0,198,,553,670,,,0,200,,554,670,,,0,200,,555,670,,,0,200,,556,670,,,0,202,,557,670,,,0,200,,558,670,,,0
1401,'Fête-2-01',645,,560,670,,,0,89,,567,670,,,0,105,,568,670,,,0,105,,569,670,,,0,100,,570,670,,,0,100,,571,670,,,0,99,,572,670,,,0,100,,573,670,,,0,100,,574,670,,,0,101,,561,670,,,0,102,,562,670,,,0,56,,559,580,,,0,47,,563,670,,,0,100,,564,670,,,0,195,,565,670,,,0,203,,566,670,,,0
1401,'Semaine-01',645,,577,670,,,0,89,,584,670,,,0,105,,585,670,,,0,105,,586,670,,,0,100,,587,670,,,0,100,,588,670,,,0,99,,589,670,,,0,100,,590,670,,,0,100,,591,670,,,0,101,,578,670,,,0,102,,579,670,,,0,56,,575,580,,,0,47,,580,670,,,0,100,,581,670,,,0,195,,582,670,,,0,203,,583,670,,,0
1401,'Week-end-01',653,,592,670,,,0,200,,593,670,,,0,200,,594,670,,,0,198,,595,670,,,0,200,,596,670,,,0,200,,597,670,,,0,200,,598,670,,,0,202,,599,670,,,0,200,,600,670,,,0
10001,'Fête-2-01',458,,730,410,,,0,70,,726,680,,,0,88,,729,680,,,0,39,,727,680,,,0,71,,728,680,,,0,27,,725,270,,,0
10001,'Semaine-01',458,,737,410,,,0,70,,732,680,,,0,88,,735,680,,,0,30,,736,270,,,0,9,,733,680,,,0,71,,734,680,,,0,27,,731,270,,,0
