201,'Fête-2-01',741,,123,270,,,0,116,,121,270,,,0,245,,126,140,,,0,207,,124,270,,,0,239,,127,140,,,0,209,,125,270,,,0,163,,122,270,,,0
201,'Semaine-01',741,,132,270,,,0,116,,130,270,,,0,245,,135,140,,,0,207,,133,270,,,0,239,,136,140,,,0,209,,134,270,,,0,163,,131,270,,,0
1100,'Fête-1-01',1007,,381,740,,,0,200,,382,740,,,0,200,,383,740,,,0,200,,384,740,,,0,200,,385,740,,,0,200,,386,740,,,0,200,,387,740,,,0,198,,388,740,,,0
1100,'Fête-2-01',708,,407,830,,,0,102,,390,830,,,0,108,,398,830,,,0,24,,399,740,,,0,96,,400,740,,,0,112,,401,740,,,0,100,,402,740,,,0,88,,403,740,,,0,100,,404,740,,,0,101,,405,740,,,0,111,,391,830,,,0,154,,392,830,,,0,49,,406,830,,,0,91,,389,740,,,0,100,,393,740,,,0,92,,394,740,,,0,100,,395,740,,,0,100,,396,740,,,0,98,,397,740,,,0
1100,'Semaine-01',708,,430,830,,,0,102,,411,830,,,0,108,,420,830,,,0,24,,421,740,,,0,96,,422,740,,,0,112,,423,740,,,0,100,,424,740,,,0,88,,425,740,,,0,100,,426,740,,,0,101,,427,740,,,0,111,,412,830,,,0,77,,409,830,,,0,77,,413,830,,,0,25,,414,830,,,0,24,,428,830,,,0,62,,429,830,,,0,29,,408,740,,,0,100,,415,740,,,0,92,,416,740,,,0,100,,417,740,,,0,100,,418,740,,,0,98,,419,740,,,0
1100,'Week-end-01',1007,,431,740,,,0,200,,432,740,,,0,200,,433,740,,,0,200,,434,740,,,0,200,,435,740,,,0,200,,436,740,,,0,200,,437,740,,,0,198,,438,740,,,0
1401,'Fête-1-01',618,,550,170,,,0,200,,551,170,,,0,200,,552,170,,,0,198,,553,170,,,0,200,,554,170,,,0,196,,555,170,,,0,200,,556,170,,,0,206,,557,170,,,0,200,,558,170,,,0
1401,'Fête-2-01',610,,560,170,,,0,47,,567,170,,,0,144,,568,170,,,0,106,,569,170,,,0,100,,570,170,,,0,99,,571,170,,,0,99,,572,170,,,0,100,,573,170,,,0,100,,574,170,,,0,101,,561,170,,,0,100,,562,170,,,0,30,,559,170,,,0,73,,563,170,,,0,104,,564,170,,,0,195,,565,170,,,0,203,,566,170,,,0
1401,'Semaine-01',610,,577,170,,,0,47,,584,170,,,0,78,,576,170,,,0,66,,585,170,,,0,106,,586,170,,,0,100,,587,170,,,0,99,,588,170,,,0,99,,589,170,,,0,100,,590,170,,,0,100,,591,170,,,0,101,,578,170,,,0,100,,579,170,,,0,30,,575,170,,,0,73,,580,170,,,0,104,,581,170,,,0,195,,582,170,,,0,203,,583,170,,,0
1401,'Week-end-01',618,,592,170,,,0,200,,593,170,,,0,200,,594,170,,,0,198,,595,170,,,0,200,,596,170,,,0,196,,597,170,,,0,200,,598,170,,,0,206,,599,170,,,0,200,,600,170,,,0
10001,'Fête-2-01',505,,726,270,,,0,48,,729,270,,,0,77,,727,270,,,0,71,,728,270,,,0
10001,'Semaine-01',505,,732,270,,,0,48,,735,270,,,0,77,,733,270,,,0,71,,734,270,,,0
