1100,'Fête-1-01',944,,381,410,,,0,200,,382,410,,,0,200,,383,410,,,0,200,,384,410,,,0,200,,385,410,,,0,200,,386,410,,,0,200,,387,410,,,0,198,,388,410,,,0
1100,'Fête-2-01',633,,407,410,,,0,101,,390,410,,,0,103,,398,410,,,0,77,,399,410,,,0,100,,400,410,,,0,112,,401,410,,,0,100,,402,410,,,0,88,,403,410,,,0,100,,404,410,,,0,100,,405,410,,,0,100,,391,410,,,0,112,,392,410,,,0,90,,406,410,,,0,104,,389,410,,,0,100,,393,410,,,0,93,,394,410,,,0,100,,395,410,,,0,100,,396,410,,,0,98,,397,410,,,0
1100,'Semaine-01',633,,430,410,,,0,101,,411,410,,,0,100,,410,270,,,0,3,,420,410,,,0,77,,421,410,,,0,100,,422,410,,,0,112,,423,410,,,0,100,,424,410,,,0,88,,425,410,,,0,100,,426,410,,,0,100,,427,410,,,0,100,,412,410,,,0,32,,409,410,,,0,80,,413,410,,,0,25,,414,410,,,0,65,,428,410,,,0,24,,429,410,,,0,80,,408,410,,,0,100,,415,410,,,0,93,,416,410,,,0,100,,417,410,,,0,100,,418,410,,,0,98,,419,410,,,0
1100,'Week-end-01',944,,431,410,,,0,200,,432,410,,,0,200,,433,410,,,0,200,,434,410,,,0,200,,435,410,,,0,200,,436,410,,,0,200,,437,410,,,0,198,,438,410,,,0
1400,'Fête-1-01',740,,496,430,,,0,200,,497,430,,,0,200,,498,430,,,0,200,,499,430,,,0,200,,500,430,,,0,200,,501,430,,,0,200,,502,430,,,0,200,,503,430,,,0,198,,504,430,,,0,188,,505,340,,,0
1400,'Fête-2-01',651,,522,430,,,0,73,,506,430,,,0,94,,513,430,,,0,104,,514,430,,,0,103,,515,430,,,0,111,,516,430,,,0,100,,517,430,,,0,101,,518,430,,,0,100,,519,430,,,0,103,,520,430,,,0,101,,507,430,,,0,107,,508,430,,,0,87,,509,430,,,0,102,,510,430,,,0,193,,511,430,,,0,197,,512,430,,,0,194,,521,430,,,0
1400,'Semaine-01',651,,539,430,,,0,73,,523,430,,,0,94,,530,430,,,0,104,,531,430,,,0,103,,532,430,,,0,111,,533,430,,,0,100,,534,430,,,0,101,,535,430,,,0,100,,536,430,,,0,103,,537,430,,,0,101,,524,430,,,0,107,,525,430,,,0,87,,526,430,,,0,102,,527,430,,,0,193,,528,430,,,0,197,,529,430,,,0,194,,538,430,,,0
1400,'Week-end-01',740,,540,430,,,0,200,,541,430,,,0,200,,542,430,,,0,200,,543,430,,,0,200,,544,430,,,0,200,,545,430,,,0,200,,546,430,,,0,200,,547,430,,,0,198,,548,430,,,0,188,,549,340,,,0
10000,'Fête-2-01',1645,,713,480,,,0,68,,714,480,,,0,25,,718,480,,,0,82,,716,480,,,0,15,,715,480,,,0,69,,717,480,,,0
10000,'Semaine-01',1645,,719,480,,,0,68,,720,480,,,0,25,,724,480,,,0,82,,722,480,,,0,15,,721,480,,,0,69,,723,480,,,0
