101,'Fête-1-01',854,,53,590,,,0,200,,54,590,,,0,197,,55,590,,,0,200,,56,590,,,0,200,,57,590,,,0,200,,58,590,,,0,202,,59,590,,,0,200,,60,590,,,0
101,'Fête-2-01',647,,76,600,,,0,91,,77,600,,,0,103,,71,650,,,0,102,,63,650,,,0,100,,64,650,,,0,100,,65,650,,,0,105,,66,650,,,0,103,,67,650,,,0,100,,68,650,,,0,101,,62,650,,,0,93,,72,600,,,0,79,,73,600,,,0,30,,74,600,,,0,100,,75,600,,,0,194,,69,600,,,0,196,,70,600,,,0
101,'Semaine-01',647,,93,600,,,0,91,,94,600,,,0,103,,88,650,,,0,102,,80,650,,,0,100,,81,650,,,0,100,,82,650,,,0,105,,83,650,,,0,103,,84,650,,,0,100,,85,650,,,0,101,,79,650,,,0,93,,89,600,,,0,79,,90,600,,,0,30,,91,600,,,0,100,,92,600,,,0,194,,86,600,,,0,196,,87,600,,,0
101,'Week-end-01',854,,95,590,,,0,200,,96,590,,,0,197,,97,590,,,0,200,,98,590,,,0,200,,99,590,,,0,200,,100,590,,,0,202,,101,590,,,0,200,,102,590,,,0
900,'Fête-1-01',554,,261,40,,,0,158,,263,40,,,0,200,,264,40,,,0,200,,265,40,,,0,200,,266,40,,,0,200,,267,40,,,0,200,,268,40,,,0,200,,269,40,,,0,200,,270,40,,,0,198,,262,40,,,0
900,'Fête-2-01',446,,272,40,,,0,105,,283,40,,,0,74,,280,40,,,0,76,,284,40,,,0,55,,285,40,,,0,101,,273,40,,,0,100,,274,40,,,0,99,,286,40,,,0,150,,275,40,,,0,104,,287,40,,,0,96,,276,40,,,0,100,,271,40,,,0,114,,282,40,,,0,85,,281,40,,,0,104,,288,40,,,0,100,,277,40,,,0,98,,278,40,,,0,100,,289,40,,,0,100,,290,40,,,0,100,,279,40,,,0
900,'Semaine-01',446,,292,40,,,0,105,,303,40,,,0,74,,300,40,,,0,76,,304,40,,,0,55,,305,40,,,0,101,,293,40,,,0,100,,294,40,,,0,99,,306,40,,,0,150,,295,40,,,0,104,,307,40,,,0,96,,296,40,,,0,100,,291,40,,,0,114,,302,40,,,0,85,,301,40,,,0,104,,308,40,,,0,100,,297,40,,,0,98,,298,40,,,0,100,,309,40,,,0,100,,310,40,,,0,100,,299,40,,,0
900,'Week-end-01',554,,311,40,,,0,158,,313,40,,,0,200,,314,40,,,0,200,,315,40,,,0,200,,316,40,,,0,200,,317,40,,,0,200,,318,40,,,0,200,,319,40,,,0,200,,320,40,,,0,198,,312,40,,,0
1400,'Fête-1-01',712,,496,40,,,0,200,,497,40,,,0,200,,498,40,,,0,200,,499,40,,,0,200,,500,40,,,0,200,,501,40,,,0,200,,502,40,,,0,200,,503,40,,,0,198,,504,40,,,0,200,,505,40,,,0
1400,'Fête-2-01',626,,522,40,,,0,33,,506,40,,,0,92,,513,40,,,0,105,,514,40,,,0,103,,515,40,,,0,151,,516,40,,,0,100,,517,40,,,0,100,,518,40,,,0,100,,519,40,,,0,100,,520,40,,,0,100,,507,40,,,0,110,,508,40,,,0,90,,509,40,,,0,102,,510,40,,,0,195,,511,40,,,0,198,,512,40,,,0,195,,521,40,,,0
1400,'Semaine-01',626,,539,40,,,0,33,,523,40,,,0,92,,530,40,,,0,105,,531,40,,,0,103,,532,40,,,0,151,,533,40,,,0,100,,534,40,,,0,100,,535,40,,,0,100,,536,40,,,0,100,,537,40,,,0,100,,524,40,,,0,110,,525,40,,,0,90,,526,40,,,0,102,,527,40,,,0,195,,528,40,,,0,198,,529,40,,,0,195,,538,40,,,0
1400,'Week-end-01',712,,540,40,,,0,200,,541,40,,,0,200,,542,40,,,0,200,,543,40,,,0,200,,544,40,,,0,200,,545,40,,,0,200,,546,40,,,0,200,,547,40,,,0,198,,548,40,,,0,200,,549,40,,,0
