101,'Fête-1-01',835,,53,320,,,0,200,,54,320,,,0,197,,55,320,,,0,200,,56,320,,,0,200,,57,320,,,0,200,,58,320,,,0,202,,59,320,,,0,200,,60,320,,,0
101,'Fête-2-01',634,,76,380,,,0,91,,77,380,,,0,97,,71,380,,,0,102,,63,380,,,0,98,,64,380,,,0,100,,65,380,,,0,105,,66,380,,,0,102,,67,380,,,0,100,,68,380,,,0,101,,62,380,,,0,99,,72,380,,,0,80,,61,380,4,,0,30,,74,380,,,0,100,,75,380,,,0,196,,69,380,,,0,196,,70,380,,,0
101,'Semaine-01',634,,93,380,,,0,91,,94,380,,,0,97,,88,380,,,0,102,,80,380,,,0,98,,81,380,,,0,100,,82,380,,,0,105,,83,380,,,0,102,,84,380,,,0,100,,85,380,,,0,101,,79,380,,,0,99,,89,380,,,0,80,,78,380,4,,0,30,,91,380,,,0,100,,92,380,,,0,196,,86,380,,,0,196,,87,380,,,0
101,'Week-end-01',835,,95,320,,,0,200,,96,320,,,0,197,,97,320,,,0,200,,98,320,,,0,200,,99,320,,,0,200,,100,320,,,0,202,,101,320,,,0,200,,102,320,,,0
900,'Fête-1-01',641,,261,550,4,,0,118,,263,550,4,,0,200,,264,550,4,,0,200,,265,550,4,,0,200,,266,550,4,,0,200,,267,550,4,,0,200,,268,550,4,,0,200,,269,550,4,,0,200,,270,550,4,,0,198,,262,550,4,,0
900,'Fête-2-01',531,,272,560,4,,0,105,,283,560,4,,0,74,,280,560,4,,0,39,,284,560,4,,0,95,,285,560,4,,0,101,,273,560,4,,0,100,,274,560,4,,0,100,,286,560,4,,0,110,,275,560,4,,0,145,,287,560,4,,0,56,,276,560,4,,0,100,,271,560,4,,0,156,,282,560,4,,0,43,,281,560,4,,0,101,,288,560,4,,0,100,,277,560,4,,0,98,,278,560,4,,0,99,,289,560,4,,0,100,,290,560,4,,0,100,,279,560,4,,0
900,'Semaine-01',531,,292,560,4,,0,105,,303,560,4,,0,74,,300,560,4,,0,39,,304,560,4,,0,95,,305,560,4,,0,101,,293,560,4,,0,100,,294,560,4,,0,100,,306,560,4,,0,110,,295,560,4,,0,145,,307,560,4,,0,56,,296,560,4,,0,100,,291,560,4,,0,156,,302,560,4,,0,43,,301,560,4,,0,101,,308,560,4,,0,100,,297,560,4,,0,98,,298,560,4,,0,99,,309,560,4,,0,100,,310,560,4,,0,100,,299,560,4,,0
900,'Week-end-01',641,,311,550,4,,0,118,,313,550,4,,0,200,,314,550,4,,0,200,,315,550,4,,0,200,,316,550,4,,0,200,,317,550,4,,0,200,,318,550,4,,0,200,,319,550,4,,0,200,,320,550,4,,0,198,,312,550,4,,0
901,'Fête-1-01',807,,321,10,,,0,200,,322,10,,,0,197,,323,10,,,0,200,,324,10,,,0,200,,325,10,,,0,200,,326,10,,,0,202,,327,10,,,0,200,,328,10,,,0,198,,329,10,,,0
901,'Fête-2-01',526,,331,10,,,0,74,,330,10,,,0,102,,332,10,,,0,53,,343,10,,,0,102,,334,10,,,0,100,,335,10,,,0,100,,344,10,,,0,100,,336,10,,,0,146,,345,10,,,0,100,,337,10,,,0,100,,338,10,,,0,102,,333,10,,,0,109,,346,10,,,0,21,,347,10,,,0,70,,348,10,,,0,96,,339,10,,,0,100,,340,10,,,0,100,,349,10,,,0,100,,350,10,,,0,100,,341,10,,,0,99,,342,10,,,0
901,'Semaine-01',526,,352,10,,,0,74,,351,10,,,0,102,,353,10,,,0,53,,364,10,,,0,102,,355,10,,,0,100,,356,10,,,0,100,,365,10,,,0,100,,357,10,,,0,146,,366,10,,,0,100,,358,10,,,0,100,,359,10,,,0,102,,354,10,,,0,109,,367,10,,,0,21,,368,10,,,0,70,,369,10,,,0,96,,360,10,,,0,100,,361,10,,,0,100,,370,10,,,0,100,,371,10,,,0,100,,362,10,,,0,99,,363,10,,,0
901,'Week-end-01',807,,372,10,,,0,200,,373,10,,,0,197,,374,10,,,0,200,,375,10,,,0,200,,376,10,,,0,200,,377,10,,,0,202,,378,10,,,0,200,,379,10,,,0,198,,380,10,,,0
1100,'Fête-1-01',920,,381,10,,,0,200,,382,10,,,0,200,,383,10,,,0,200,,384,10,,,0,200,,385,10,,,0,200,,386,10,,,0,200,,387,10,,,0,198,,388,10,,,0
1100,'Fête-2-01',609,,407,10,,,0,101,,390,10,,,0,103,,398,10,,,0,37,,399,10,,,0,100,,400,10,,,0,152,,401,10,,,0,100,,402,10,,,0,48,,403,10,,,0,100,,404,10,,,0,100,,405,10,,,0,100,,391,10,,,0,150,,392,10,,,0,50,,406,10,,,0,106,,389,10,,,0,100,,393,10,,,0,94,,394,10,,,0,100,,395,10,,,0,100,,396,10,,,0,98,,397,10,,,0
1100,'Semaine-01',609,,430,10,,,0,101,,411,10,,,0,103,,420,10,,,0,37,,421,10,,,0,100,,422,10,,,0,152,,423,10,,,0,100,,424,10,,,0,48,,425,10,,,0,100,,426,10,,,0,100,,427,10,,,0,100,,412,10,,,0,70,,409,10,,,0,80,,413,10,,,0,25,,414,10,,,0,25,,428,10,,,0,66,,429,10,,,0,40,,408,10,,,0,100,,415,10,,,0,94,,416,10,,,0,100,,417,10,,,0,100,,418,10,,,0,98,,419,10,,,0
1100,'Week-end-01',920,,431,10,,,0,200,,432,10,,,0,200,,433,10,,,0,200,,434,10,,,0,200,,435,10,,,0,200,,436,10,,,0,200,,437,10,,,0,198,,438,10,,,0
1101,'Fête-1-01',840,,439,550,4,,0,198,,440,550,4,,0,200,,441,550,4,,0,200,,442,550,4,,0,200,,443,550,4,,0,200,,444,550,4,,0,200,,445,550,4,,0,200,,446,550,4,,0
1101,'Fête-2-01',533,,465,410,4,,0,72,,466,410,4,,0,45,,447,410,4,,0,66,,464,410,4,,0,86,,448,550,4,,0,133,,456,550,4,,0,100,,457,550,4,,0,99,,458,550,4,,0,100,,459,550,4,,0,100,,460,550,4,,0,100,,461,550,4,,0,102,,462,550,4,,0,100,,463,550,4,,0,115,,449,550,4,,0,100,,450,550,4,,0,83,,451,550,4,,0,98,,452,550,4,,0,101,,453,550,4,,0,100,,454,550,4,,0,100,,455,550,4,,0
1101,'Semaine-01',533,,485,410,4,,0,72,,487,410,4,,0,45,,467,410,4,,0,66,,484,410,4,,0,86,,468,550,4,,0,133,,476,550,4,,0,100,,477,550,4,,0,99,,478,550,4,,0,100,,479,550,4,,0,100,,480,550,4,,0,100,,481,550,4,,0,102,,482,550,4,,0,100,,483,550,4,,0,81,,486,550,4,,0,34,,469,550,4,,0,100,,470,550,4,,0,83,,471,550,4,,0,98,,472,550,4,,0,101,,473,550,4,,0,100,,474,550,4,,0,100,,475,550,4,,0
1101,'Week-end-01',840,,488,550,4,,0,198,,489,550,4,,0,200,,490,550,4,,0,200,,491,550,4,,0,200,,492,550,4,,0,200,,493,550,4,,0,200,,494,550,4,,0,200,,495,550,4,,0
1501,'Fête-1-01',844,,657,290,,,1,100,,658,290,,,1,100,,659,290,,,1,100,,660,290,,,1,100,,661,290,,,1,100,,662,290,,,1,98,,663,290,,,1,100,,664,290,,,1,100,,665,290,,,1,100,,666,290,,,1,100,,667,290,,,1,202,,668,290,,,1,200,,669,290,,,1
1501,'Fête-2-01',642,,670,290,,,1,95,,677,290,,,1,98,,678,290,,,1,98,,679,290,,,1,100,,680,290,,,1,105,,681,290,,,1,101,,682,290,,,1,100,,683,290,,,1,100,,684,290,,,1,99,,671,290,,,1,101,,672,290,,,1,105,,673,290,,,1,91,,674,290,,,1,205,,675,290,,,1,198,,676,290,,,1
1501,'Semaine-01',642,,685,290,,,1,95,,692,290,,,1,98,,693,290,,,1,98,,694,290,,,1,100,,695,290,,,1,105,,696,290,,,1,101,,697,290,,,1,100,,698,290,,,1,100,,699,290,,,1,99,,686,290,,,1,101,,687,290,,,1,105,,688,290,,,1,91,,689,290,,,1,205,,690,290,,,1,198,,691,290,,,1
1501,'Week-end-01',844,,700,290,,,1,100,,701,290,,,1,100,,702,290,,,1,100,,703,290,,,1,100,,704,290,,,1,100,,705,290,,,1,98,,706,290,,,1,100,,707,290,,,1,100,,708,290,,,1,100,,709,290,,,1,100,,710,290,,,1,202,,711,290,,,1,200,,712,290,,,1
