801,'Fête-1-01',830,,215,170,,,0,200,,216,170,,,0,196,,217,170,,,0,200,,218,170,,,0,200,,219,170,,,0,200,,220,170,,,0,202,,221,170,,,0,200,,222,170,,,0
801,'Fête-2-01',618,,237,50,,,0,188,,230,170,,,0,112,,231,170,,,0,100,,232,170,,,0,103,,233,170,,,0,103,,234,170,,,0,104,,235,170,,,0,101,,236,170,,,0,95,,223,170,,,0,104,,224,170,,,0,29,,225,180,,,0,68,,226,170,,,0,102,,227,170,,,0,195,,228,170,,,0,201,,229,170,,,0
801,'Semaine-01',618,,252,50,,,0,188,,245,170,,,0,112,,246,170,,,0,100,,247,170,,,0,103,,248,170,,,0,103,,249,170,,,0,104,,250,170,,,0,101,,251,170,,,0,95,,238,170,,,0,104,,239,170,,,0,29,,240,180,,,0,68,,241,170,,,0,102,,242,170,,,0,195,,243,170,,,0,201,,244,170,,,0
801,'Week-end-01',830,,253,170,,,0,200,,254,170,,,0,196,,255,170,,,0,200,,256,170,,,0,200,,257,170,,,0,200,,258,170,,,0,202,,259,170,,,0,200,,260,170,,,0
30001,'Fête-2-01',437,,800,50,,,0,65,,794,50,,,0,35,,795,50,,,0,69,,798,50,,,0,20,,796,50,,,0,75,,799,50,,,0,30,,797,50,,,0
30001,'Semaine-01',437,,807,50,,,0,65,,801,50,,,0,35,,802,50,,,0,69,,805,50,,,0,20,,803,50,,,0,75,,806,50,,,0,30,,804,50,,,0
40001,'Fête-1-01',631,,928,50,,,0,106,,929,50,,,0,99,,930,50,,,0,100,,931,50,,,0,99,,932,50,,,0,100,,933,50,,,0,100,,934,50,,,0,96,,935,50,,,0,99,,936,50,,,0,103,,937,50,,,0,100,,938,50,,,0,100,,939,50,,,0,100,,940,50,,,0,101,,941,50,,,0,100,,942,50,,,0,100,,943,50,,,0,102,,944,50,,,0,101,,945,50,,,0,100,,946,50,,,0
40001,'Fête-2-01',422,,989,50,,,0,23,,990,50,,,0,70,,983,50,,,0,30,,985,50,,,0,10,,986,50,,,0,60,,966,50,,,0,20,,987,50,,,0,15,,988,50,,,0,70,,978,50,,,0,30,,979,50,,,0,50,,984,50,,,0,30,,980,50,,,0,101,,981,50,,,0,77,,953,50,,,0,23,,982,50,,,0,100,,967,50,,,0,78,,947,50,,,0,22,,968,50,,,0,105,,969,50,,,0,99,,970,50,,,0,20,,955,50,,,0,80,,971,50,,,0,101,,991,50,,,0,66,,992,170,,,0,28,,964,170,,,0,72,,954,50,,,0,25,,965,170,,,0,32,,951,50,,,0,71,,972,50,,,0,101,,973,50,,,0,102,,974,50,,,0,96,,975,50,,,0,100,,976,50,,,0,104,,977,50,,,0
40001,'Semaine-01',422,,1036,50,,,0,23,,1037,50,,,0,70,,1030,50,,,0,30,,1032,50,,,0,10,,1033,50,,,0,60,,1013,50,,,0,20,,1034,50,,,0,15,,1035,50,,,0,70,,1025,50,,,0,30,,1026,50,,,0,50,,1031,50,,,0,30,,1027,50,,,0,101,,1028,50,,,0,77,,999,50,,,0,23,,1029,50,,,0,100,,1014,50,,,0,78,,993,50,,,0,22,,1015,50,,,0,105,,1016,50,,,0,99,,1017,50,,,0,20,,1001,50,,,0,80,,1018,50,,,0,101,,1038,50,,,0,66,,1039,170,,,0,28,,1011,170,,,0,72,,1000,50,,,0,25,,1012,170,,,0,32,,997,50,,,0,71,,1019,50,,,0,101,,1020,50,,,0,102,,1021,50,,,0,96,,1022,50,,,0,100,,1023,50,,,0,104,,1024,50,,,0
40001,'Week-end-01',631,,1040,50,,,0,106,,1041,50,,,0,99,,1042,50,,,0,100,,1043,50,,,0,99,,1044,50,,,0,100,,1045,50,,,0,100,,1046,50,,,0,96,,1047,50,,,0,99,,1048,50,,,0,103,,1049,50,,,0,100,,1050,50,,,0,100,,1051,50,,,0,100,,1052,50,,,0,101,,1053,50,,,0,100,,1054,50,,,0,100,,1055,50,,,0,102,,1056,50,,,0,101,,1057,50,,,0,100,,1058,50,,,0
