500,'Fête-2-01',1752,,139,100,0,5,0,152,,140,100,0,5,0,99,,141,100,0,5,0
500,'Semaine-01',1752,,142,100,0,6 7,0,152,,143,100,0,6 7,0,99,,144,100,0,6 7,0
900,'Fête-1-01',636,,261,500,,,0,118,,263,500,,,0,200,,264,500,,,0,200,,265,500,,,0,200,,266,500,,,0,200,,267,500,,,0,200,,268,500,,,0,200,,269,500,,,0,200,,270,500,,,0,198,,262,500,,,0
900,'Fête-2-01',526,,272,510,,,0,105,,283,510,,,0,74,,280,510,,,0,39,,284,510,,,0,95,,285,510,,,0,101,,273,510,,,0,100,,274,510,,,0,100,,286,510,,,0,110,,275,510,,,0,105,,287,510,,,0,96,,276,510,,,0,100,,271,510,,,0,156,,282,510,,,0,43,,281,510,,,0,101,,288,510,,,0,100,,277,510,,,0,98,,278,510,,,0,99,,289,510,,,0,100,,290,510,,,0,100,,279,510,,,0
900,'Semaine-01',526,,292,510,,,0,105,,303,510,,,0,74,,300,510,,,0,39,,304,510,,,0,95,,305,510,,,0,101,,293,510,,,0,100,,294,510,,,0,100,,306,510,,,0,110,,295,510,,,0,105,,307,510,,,0,96,,296,510,,,0,100,,291,510,,,0,156,,302,510,,,0,43,,301,510,,,0,101,,308,510,,,0,100,,297,510,,,0,98,,298,510,,,0,99,,309,510,,,0,100,,310,510,,,0,100,,299,510,,,0
900,'Week-end-01',636,,311,500,,,0,118,,313,500,,,0,200,,314,500,,,0,200,,315,500,,,0,200,,316,500,,,0,200,,317,500,,,0,200,,318,500,,,0,200,,319,500,,,0,200,,320,500,,,0,198,,312,500,,,0
1101,'Fête-1-01',836,,439,500,,,0,198,,440,500,,,0,200,,441,500,,,0,200,,442,500,,,0,200,,443,500,,,0,200,,444,500,,,0,200,,445,500,,,0,200,,446,500,,,0
1101,'Fête-2-01',528,,465,360,,,0,72,,466,360,,,0,45,,447,360,,,0,66,,464,360,,,0,46,,448,500,,,0,173,,456,500,,,0,100,,457,500,,,0,99,,458,500,,,0,100,,459,500,,,0,100,,460,500,,,0,100,,461,500,,,0,102,,462,500,,,0,100,,463,500,,,0,115,,449,500,,,0,100,,450,500,,,0,83,,451,500,,,0,98,,452,500,,,0,101,,453,500,,,0,100,,454,500,,,0,100,,455,500,,,0
1101,'Semaine-01',528,,485,360,,,0,72,,487,360,,,0,45,,467,360,,,0,66,,484,360,,,0,46,,468,500,,,0,173,,476,500,,,0,100,,477,500,,,0,99,,478,500,,,0,100,,479,500,,,0,100,,480,500,,,0,100,,481,500,,,0,102,,482,500,,,0,100,,483,500,,,0,81,,486,500,,,0,34,,469,500,,,0,100,,470,500,,,0,83,,471,500,,,0,98,,472,500,,,0,101,,473,500,,,0,100,,474,500,,,0,100,,475,500,,,0
1101,'Week-end-01',836,,488,500,,,0,198,,489,500,,,0,200,,490,500,,,0,200,,491,500,,,0,200,,492,500,,,0,200,,493,500,,,0,200,,494,500,,,0,200,,495,500,,,0
1400,'Fête-1-01',723,,496,240,,,0,200,,497,240,,,0,200,,498,240,,,0,200,,499,240,,,0,200,,500,240,,,0,200,,501,240,,,0,200,,502,240,,,0,200,,503,240,,,0,198,,504,240,,,0
1400,'Fête-2-01',638,,522,240,,,0,73,,506,240,,,0,92,,513,240,,,0,105,,514,240,,,0,103,,515,240,,,0,111,,516,240,,,0,100,,517,240,,,0,100,,518,240,,,0,100,,519,240,,,0,100,,520,240,,,0,100,,507,240,,,0,110,,508,240,,,0,89,,509,240,,,0,102,,510,240,,,0,194,,511,240,,,0,198,,512,240,,,0,195,,521,240,,,0
1400,'Semaine-01',638,,539,240,,,0,73,,523,240,,,0,92,,530,240,,,0,105,,531,240,,,0,103,,532,240,,,0,111,,533,240,,,0,100,,534,240,,,0,100,,535,240,,,0,100,,536,240,,,0,100,,537,240,,,0,100,,524,240,,,0,110,,525,240,,,0,89,,526,240,,,0,102,,527,240,,,0,194,,528,240,,,0,198,,529,240,,,0,195,,538,240,,,0
1400,'Week-end-01',723,,540,240,,,0,200,,541,240,,,0,200,,542,240,,,0,200,,543,240,,,0,200,,544,240,,,0,200,,545,240,,,0,200,,546,240,,,0,200,,547,240,,,0,198,,548,240,,,0
1401,'Fête-1-01',635,,550,410,,,0,200,,551,410,,,0,200,,552,410,,,0,198,,553,410,,,0,200,,554,410,,,0,197,,555,410,,,0,200,,556,410,,,0,205,,557,410,,,0,200,,558,410,,,0
1401,'Fête-2-01',626,,560,410,,,0,88,,567,410,,,0,105,,568,410,,,0,105,,569,410,,,0,100,,570,410,,,0,100,,571,410,,,0,99,,572,410,,,0,100,,573,410,,,0,100,,574,410,,,0,101,,561,410,,,0,100,,562,410,,,0,103,,563,410,,,0,102,,564,410,,,0,195,,565,410,,,0,203,,566,410,,,0
1401,'Semaine-01',626,,577,410,,,0,88,,584,410,,,0,38,,576,410,,,0,67,,585,410,,,0,105,,586,410,,,0,100,,587,410,,,0,100,,588,410,,,0,99,,589,410,,,0,100,,590,410,,,0,100,,591,410,,,0,101,,578,410,,,0,100,,579,410,,,0,103,,580,410,,,0,102,,581,410,,,0,195,,582,410,,,0,203,,583,410,,,0
1401,'Week-end-01',635,,592,410,,,0,200,,593,410,,,0,200,,594,410,,,0,198,,595,410,,,0,200,,596,410,,,0,197,,597,410,,,0,200,,598,410,,,0,205,,599,410,,,0,200,,600,410,,,0
