1101,'Fête-1-01',816,,439,150,,,0,198,,440,150,,,0,200,,441,150,,,0,200,,442,150,,,0,200,,443,150,,,0,200,,444,150,,,0,200,,445,150,,,0,200,,446,150,,,0
1101,'Fête-2-01',506,,465,10,,,0,32,,466,10,,,0,85,,447,10,,,0,26,,464,10,,,0,86,,448,150,,,0,173,,456,150,,,0,100,,457,150,,,0,99,,458,150,,,0,100,,459,150,,,0,100,,460,150,,,0,101,,461,150,,,0,100,,462,150,,,0,100,,463,150,,,0,117,,449,150,,,0,100,,450,150,,,0,84,,451,150,,,0,98,,452,150,,,0,101,,453,150,,,0,100,,454,150,,,0,100,,455,150,,,0
1101,'Semaine-01',506,,485,10,,,0,32,,487,10,,,0,85,,467,10,,,0,26,,484,10,,,0,86,,468,150,,,0,173,,476,150,,,0,100,,477,150,,,0,99,,478,150,,,0,100,,479,150,,,0,100,,480,150,,,0,101,,481,150,,,0,100,,482,150,,,0,100,,483,150,,,0,42,,486,150,,,0,75,,469,150,,,0,100,,470,150,,,0,84,,471,150,,,0,98,,472,150,,,0,101,,473,150,,,0,100,,474,150,,,0,100,,475,150,,,0
1101,'Week-end-01',816,,488,150,,,0,198,,489,150,,,0,200,,490,150,,,0,200,,491,150,,,0,200,,492,150,,,0,200,,493,150,,,0,200,,494,150,,,0,200,,495,150,,,0
1401,'Fête-1-01',630,,550,320,,,0,200,,551,320,,,0,200,,552,320,,,0,198,,553,320,,,0,200,,554,320,,,0,196,,555,320,,,0,200,,556,320,,,0,206,,557,320,,,0,200,,558,320,,,0
1401,'Fête-2-01',620,,560,320,,,0,87,,567,320,,,0,104,,568,320,,,0,106,,569,320,,,0,100,,570,320,,,0,100,,571,320,,,0,99,,572,320,,,0,100,,573,320,,,0,100,,574,320,,,0,101,,561,320,,,0,100,,562,320,,,0,30,,559,320,,,0,73,,563,320,,,0,103,,564,320,,,0,195,,565,320,,,0,203,,566,320,,,0
1401,'Semaine-01',620,,577,320,,,0,87,,584,320,,,0,38,,576,320,,,0,66,,585,320,,,0,106,,586,320,,,0,100,,587,320,,,0,100,,588,320,,,0,99,,589,320,,,0,100,,590,320,,,0,100,,591,320,,,0,101,,578,320,,,0,100,,579,320,,,0,30,,575,320,,,0,73,,580,320,,,0,103,,581,320,,,0,195,,582,320,,,0,203,,583,320,,,0
1401,'Week-end-01',630,,592,320,,,0,200,,593,320,,,0,200,,594,320,,,0,198,,595,320,,,0,200,,596,320,,,0,196,,597,320,,,0,200,,598,320,,,0,206,,599,320,,,0,200,,600,320,,,0
10001,'Fête-2-01',445,,730,150,,,0,70,,726,420,,,0,88,,729,420,,,0,37,,727,420,,,0,71,,728,420,,,0,27,,725,10,,,0
10001,'Semaine-01',445,,737,150,,,0,70,,732,420,,,0,88,,735,420,,,0,28,,736,10,,,0,9,,733,420,,,0,71,,734,420,,,0,27,,731,10,,,0
