101,'Fête-2-01',607,,76,30,,,0,51,,77,30,,,0,97,,71,30,,,0,102,,63,30,,,0,98,,64,30,,,0,100,,65,30,,,0,145,,66,30,,,0,102,,67,30,,,0,100,,68,30,,,0,100,,62,30,,,0,99,,72,30,,,0,40,,61,30,,,0,71,,74,30,,,0,100,,75,30,,,0,196,,69,30,,,0,197,,70,30,,,0
101,'Semaine-01',607,,93,30,,,0,51,,94,30,,,0,97,,88,30,,,0,102,,80,30,,,0,98,,81,30,,,0,100,,82,30,,,0,145,,83,30,,,0,102,,84,30,,,0,100,,85,30,,,0,100,,79,30,,,0,99,,89,30,,,0,40,,78,30,,,0,71,,91,30,,,0,100,,92,30,,,0,196,,86,30,,,0,197,,87,30,,,0
801,'Fête-1-01',818,,215,30,,,0,200,,216,30,,,0,196,,217,30,,,0,200,,218,30,,,0,200,,219,30,,,0,200,,220,30,,,0,202,,221,30,,,0,200,,222,30,,,0
801,'Fête-2-01',754,,230,30,,,0,152,,231,30,,,0,100,,232,30,,,0,103,,233,30,,,0,103,,234,30,,,0,104,,235,30,,,0,101,,236,30,,,0,95,,223,30,,,0,104,,224,30,,,0,29,,225,40,,,0,68,,226,30,,,0,102,,227,30,,,0,195,,228,30,,,0,201,,229,30,,,0
801,'Semaine-01',754,,245,30,,,0,152,,246,30,,,0,100,,247,30,,,0,103,,248,30,,,0,103,,249,30,,,0,104,,250,30,,,0,101,,251,30,,,0,95,,238,30,,,0,104,,239,30,,,0,29,,240,40,,,0,68,,241,30,,,0,102,,242,30,,,0,195,,243,30,,,0,201,,244,30,,,0
801,'Week-end-01',818,,253,30,,,0,200,,254,30,,,0,196,,255,30,,,0,200,,256,30,,,0,200,,257,30,,,0,200,,258,30,,,0,202,,259,30,,,0,200,,260,30,,,0
1101,'Fête-1-01',808,,439,30,,,0,198,,440,30,,,0,200,,441,30,,,0,200,,442,30,,,0,200,,443,30,,,0,200,,444,30,,,0,200,,445,30,,,0,200,,446,30,,,0
1101,'Fête-2-01',726,,448,30,,,0,133,,456,30,,,0,100,,457,30,,,0,100,,458,30,,,0,100,,459,30,,,0,100,,460,30,,,0,100,,461,30,,,0,100,,462,30,,,0,100,,463,30,,,0,157,,449,30,,,0,100,,450,30,,,0,85,,451,30,,,0,58,,452,30,,,0,100,,453,30,,,0,100,,454,30,,,0,100,,455,30,,,0
1101,'Semaine-01',726,,468,30,,,0,133,,476,30,,,0,100,,477,30,,,0,100,,478,30,,,0,100,,479,30,,,0,100,,480,30,,,0,100,,481,30,,,0,100,,482,30,,,0,100,,483,30,,,0,82,,486,30,,,0,75,,469,30,,,0,100,,470,30,,,0,85,,471,30,,,0,58,,472,30,,,0,100,,473,30,,,0,100,,474,30,,,0,100,,475,30,,,0
1101,'Week-end-01',808,,488,30,,,0,198,,489,30,,,0,200,,490,30,,,0,200,,491,30,,,0,200,,492,30,,,0,200,,493,30,,,0,200,,494,30,,,0,200,,495,30,,,0
