100,'Fête-1-01',922,,1,240,,,0,200,,2,240,,,0,200,,3,240,,,0,200,,4,240,,,0,200,,5,240,,,0,200,,6,240,,,0,200,,7,240,,,0,198,,8,240,,,0
100,'Fête-2-01',710,,19,240,,,0,100,,20,240,,,0,20,,21,240,,,0,77,,11,240,,,0,100,,12,240,,,0,100,,13,240,,,0,121,,14,240,,,0,100,,15,240,,,0,100,,16,240,,,0,93,,22,240,,,0,100,,17,240,,,0,95,,18,240,,,0,106,,23,240,,,0,101,,24,240,,,0,195,,25,240,,,0,198,,26,240,,,0
100,'Semaine-01',710,,37,240,,,0,100,,38,240,,,0,20,,39,240,,,0,77,,29,240,,,0,100,,30,240,,,0,100,,31,240,,,0,121,,32,240,,,0,100,,33,240,,,0,100,,34,240,,,0,93,,40,240,,,0,100,,35,240,,,0,95,,36,240,,,0,106,,41,240,,,0,101,,42,240,,,0,195,,43,240,,,0,198,,44,240,,,0
100,'Week-end-01',922,,45,240,,,0,200,,46,240,,,0,200,,47,240,,,0,200,,48,240,,,0,200,,49,240,,,0,200,,50,240,,,0,200,,51,240,,,0,198,,52,240,,,0
101,'Fête-1-01',832,,53,310,,,0,200,,54,310,,,0,197,,55,310,,,0,200,,56,310,,,0,200,,57,310,,,0,200,,58,310,,,0,202,,59,310,,,0,200,,60,310,,,0
101,'Fête-2-01',629,,76,370,,,0,91,,77,370,,,0,97,,71,370,,,0,102,,63,370,,,0,98,,64,370,,,0,100,,65,370,,,0,105,,66,370,,,0,102,,67,370,,,0,100,,68,370,,,0,101,,62,370,,,0,99,,72,370,,,0,80,,61,370,,,0,30,,74,370,,,0,100,,75,370,,,0,196,,69,370,,,0,197,,70,370,,,0
101,'Semaine-01',629,,93,370,,,0,91,,94,370,,,0,97,,88,370,,,0,102,,80,370,,,0,98,,81,370,,,0,100,,82,370,,,0,105,,83,370,,,0,102,,84,370,,,0,100,,85,370,,,0,101,,79,370,,,0,99,,89,370,,,0,80,,78,370,,,0,30,,91,370,,,0,100,,92,370,,,0,196,,86,370,,,0,197,,87,370,,,0
101,'Week-end-01',832,,95,310,,,0,200,,96,310,,,0,197,,97,310,,,0,200,,98,310,,,0,200,,99,310,,,0,200,,100,310,,,0,202,,101,310,,,0,200,,102,310,,,0
500,'Fête-2-01',1753,,139,130,0,5,0,152,,140,130,0,5,0,99,,141,130,0,5,0
500,'Semaine-01',1753,,142,130,0,6 7,0,152,,143,130,0,6 7,0,99,,144,130,0,6 7,0
900,'Fête-1-01',637,,261,530,,,0,118,,263,530,,,0,200,,264,530,,,0,200,,265,530,,,0,200,,266,530,,,0,200,,267,530,,,0,200,,268,530,,,0,200,,269,530,,,0,200,,270,530,,,0,198,,262,530,,,0
900,'Fête-2-01',527,,272,540,,,0,105,,283,540,,,0,74,,280,540,,,0,39,,284,540,,,0,95,,285,540,,,0,101,,273,540,,,0,100,,274,540,,,0,100,,286,540,,,0,110,,275,540,,,0,105,,287,540,,,0,96,,276,540,,,0,100,,271,540,,,0,156,,282,540,,,0,43,,281,540,,,0,101,,288,540,,,0,100,,277,540,,,0,98,,278,540,,,0,99,,289,540,,,0,100,,290,540,,,0,100,,279,540,,,0
900,'Semaine-01',527,,292,540,,,0,105,,303,540,,,0,74,,300,540,,,0,39,,304,540,,,0,95,,305,540,,,0,101,,293,540,,,0,100,,294,540,,,0,100,,306,540,,,0,110,,295,540,,,0,105,,307,540,,,0,96,,296,540,,,0,100,,291,540,,,0,156,,302,540,,,0,43,,301,540,,,0,101,,308,540,,,0,100,,297,540,,,0,98,,298,540,,,0,99,,309,540,,,0,100,,310,540,,,0,100,,299,540,,,0
900,'Week-end-01',637,,311,530,,,0,118,,313,530,,,0,200,,314,530,,,0,200,,315,530,,,0,200,,316,530,,,0,200,,317,530,,,0,200,,318,530,,,0,200,,319,530,,,0,200,,320,530,,,0,198,,312,530,,,0
1101,'Fête-1-01',837,,439,530,,,0,198,,440,530,,,0,200,,441,530,,,0,200,,442,530,,,0,200,,443,530,,,0,200,,444,530,,,0,200,,445,530,,,0,200,,446,530,,,0
1101,'Fête-2-01',529,,465,390,,,0,72,,466,390,,,0,45,,447,390,,,0,66,,464,390,,,0,46,,448,530,,,0,173,,456,530,,,0,100,,457,530,,,0,99,,458,530,,,0,100,,459,530,,,0,100,,460,530,,,0,100,,461,530,,,0,102,,462,530,,,0,100,,463,530,,,0,115,,449,530,,,0,100,,450,530,,,0,83,,451,530,,,0,98,,452,530,,,0,101,,453,530,,,0,100,,454,530,,,0,100,,455,530,,,0
1101,'Semaine-01',529,,485,390,,,0,72,,487,390,,,0,45,,467,390,,,0,66,,484,390,,,0,46,,468,530,,,0,173,,476,530,,,0,100,,477,530,,,0,99,,478,530,,,0,100,,479,530,,,0,100,,480,530,,,0,100,,481,530,,,0,102,,482,530,,,0,100,,483,530,,,0,81,,486,530,,,0,34,,469,530,,,0,100,,470,530,,,0,83,,471,530,,,0,98,,472,530,,,0,101,,473,530,,,0,100,,474,530,,,0,100,,475,530,,,0
1101,'Week-end-01',837,,488,530,,,0,198,,489,530,,,0,200,,490,530,,,0,200,,491,530,,,0,200,,492,530,,,0,200,,493,530,,,0,200,,494,530,,,0,200,,495,530,,,0
1400,'Fête-1-01',724,,496,270,,,0,200,,497,270,,,0,200,,498,270,,,0,200,,499,270,,,0,200,,500,270,,,0,200,,501,270,,,0,200,,502,270,,,0,200,,503,270,,,0,198,,504,270,,,0
1400,'Fête-2-01',639,,522,270,,,0,73,,506,270,,,0,92,,513,270,,,0,105,,514,270,,,0,103,,515,270,,,0,111,,516,270,,,0,100,,517,270,,,0,100,,518,270,,,0,100,,519,270,,,0,101,,520,270,,,0,100,,507,270,,,0,109,,508,270,,,0,89,,509,270,,,0,102,,510,270,,,0,195,,511,270,,,0,197,,512,270,,,0,195,,521,270,,,0
1400,'Semaine-01',639,,539,270,,,0,73,,523,270,,,0,92,,530,270,,,0,105,,531,270,,,0,103,,532,270,,,0,111,,533,270,,,0,100,,534,270,,,0,100,,535,270,,,0,100,,536,270,,,0,101,,537,270,,,0,100,,524,270,,,0,109,,525,270,,,0,89,,526,270,,,0,102,,527,270,,,0,195,,528,270,,,0,197,,529,270,,,0,195,,538,270,,,0
1400,'Week-end-01',724,,540,270,,,0,200,,541,270,,,0,200,,542,270,,,0,200,,543,270,,,0,200,,544,270,,,0,200,,545,270,,,0,200,,546,270,,,0,200,,547,270,,,0,198,,548,270,,,0
1401,'Fête-1-01',636,,550,440,,,0,200,,551,440,,,0,200,,552,440,,,0,198,,553,440,,,0,200,,554,440,,,0,197,,555,440,,,0,200,,556,440,,,0,205,,557,440,,,0,200,,558,440,,,0
1401,'Fête-2-01',627,,560,440,,,0,88,,567,440,,,0,105,,568,440,,,0,105,,569,440,,,0,100,,570,440,,,0,100,,571,440,,,0,99,,572,440,,,0,100,,573,440,,,0,100,,574,440,,,0,101,,561,440,,,0,101,,562,440,,,0,103,,563,440,,,0,101,,564,440,,,0,195,,565,440,,,0,203,,566,440,,,0
1401,'Semaine-01',627,,577,440,,,0,88,,584,440,,,0,38,,576,440,,,0,67,,585,440,,,0,105,,586,440,,,0,100,,587,440,,,0,100,,588,440,,,0,99,,589,440,,,0,100,,590,440,,,0,100,,591,440,,,0,101,,578,440,,,0,101,,579,440,,,0,103,,580,440,,,0,101,,581,440,,,0,195,,582,440,,,0,203,,583,440,,,0
1401,'Week-end-01',636,,592,440,,,0,200,,593,440,,,0,200,,594,440,,,0,198,,595,440,,,0,200,,596,440,,,0,197,,597,440,,,0,200,,598,440,,,0,205,,599,440,,,0,200,,600,440,,,0
