1100,'Fête-1-01',934,,381,240,,,0,200,,382,240,,,0,200,,383,240,,,0,200,,384,240,,,0,200,,385,240,,,0,200,,386,240,,,0,200,,387,240,,,0,198,,388,240,,,0
1100,'Fête-2-01',623,,407,240,,,0,101,,390,240,,,0,103,,398,240,,,0,77,,399,240,,,0,100,,400,240,,,0,112,,401,240,,,0,100,,402,240,,,0,88,,403,240,,,0,100,,404,240,,,0,100,,405,240,,,0,100,,391,240,,,0,112,,392,240,,,0,90,,406,240,,,0,104,,389,240,,,0,100,,393,240,,,0,93,,394,240,,,0,100,,395,240,,,0,100,,396,240,,,0,98,,397,240,,,0
1100,'Semaine-01',623,,430,240,,,0,101,,411,240,,,0,100,,410,100,,,0,3,,420,240,,,0,77,,421,240,,,0,100,,422,240,,,0,112,,423,240,,,0,100,,424,240,,,0,88,,425,240,,,0,100,,426,240,,,0,100,,427,240,,,0,100,,412,240,,,0,32,,409,240,,,0,80,,413,240,,,0,25,,414,240,,,0,65,,428,240,,,0,24,,429,240,,,0,80,,408,240,,,0,100,,415,240,,,0,93,,416,240,,,0,100,,417,240,,,0,100,,418,240,,,0,98,,419,240,,,0
1100,'Week-end-01',934,,431,240,,,0,200,,432,240,,,0,200,,433,240,,,0,200,,434,240,,,0,200,,435,240,,,0,200,,436,240,,,0,200,,437,240,,,0,198,,438,240,,,0
1400,'Fête-1-01',735,,496,370,,,0,200,,497,370,,,0,200,,498,370,,,0,200,,499,370,,,0,200,,500,370,,,0,200,,501,370,,,0,200,,502,370,,,0,200,,503,370,,,0,198,,504,370,,,0,189,,505,280,,,0
1400,'Fête-2-01',647,,522,370,,,0,73,,506,370,,,0,94,,513,370,,,0,104,,514,370,,,0,103,,515,370,,,0,111,,516,370,,,0,100,,517,370,,,0,101,,518,370,,,0,100,,519,370,,,0,102,,520,370,,,0,101,,507,370,,,0,107,,508,370,,,0,88,,509,370,,,0,102,,510,370,,,0,193,,511,370,,,0,197,,512,370,,,0,194,,521,370,,,0
1400,'Semaine-01',647,,539,370,,,0,73,,523,370,,,0,94,,530,370,,,0,104,,531,370,,,0,103,,532,370,,,0,111,,533,370,,,0,100,,534,370,,,0,101,,535,370,,,0,100,,536,370,,,0,102,,537,370,,,0,101,,524,370,,,0,107,,525,370,,,0,88,,526,370,,,0,102,,527,370,,,0,193,,528,370,,,0,197,,529,370,,,0,194,,538,370,,,0
1400,'Week-end-01',735,,540,370,,,0,200,,541,370,,,0,200,,542,370,,,0,200,,543,370,,,0,200,,544,370,,,0,200,,545,370,,,0,200,,546,370,,,0,200,,547,370,,,0,198,,548,370,,,0,189,,549,280,,,0
10000,'Fête-2-01',1640,,713,420,,,0,68,,714,420,,,0,25,,718,420,,,0,83,,716,420,,,0,15,,715,420,,,0,69,,717,420,,,0
10000,'Semaine-01',1640,,719,420,,,0,68,,720,420,,,0,25,,724,420,,,0,83,,722,420,,,0,15,,721,420,,,0,69,,723,420,,,0
