100,'Fête-1-01',921,,1,230,,,0,200,,2,230,,,0,200,,3,230,,,0,200,,4,230,,,0,200,,5,230,,,0,200,,6,230,,,0,200,,7,230,,,0,198,,8,230,,,0
100,'Fête-2-01',710,,19,230,,,0,100,,20,230,,,0,20,,21,230,,,0,77,,11,230,,,0,100,,12,230,,,0,100,,13,230,,,0,121,,14,230,,,0,100,,15,230,,,0,100,,16,230,,,0,93,,22,230,,,0,100,,17,230,,,0,95,,18,230,,,0,106,,23,230,,,0,101,,24,230,,,0,195,,25,230,,,0,198,,26,230,,,0
100,'Semaine-01',710,,37,230,,,0,100,,38,230,,,0,20,,39,230,,,0,77,,29,230,,,0,100,,30,230,,,0,100,,31,230,,,0,121,,32,230,,,0,100,,33,230,,,0,100,,34,230,,,0,93,,40,230,,,0,100,,35,230,,,0,95,,36,230,,,0,106,,41,230,,,0,101,,42,230,,,0,195,,43,230,,,0,198,,44,230,,,0
100,'Week-end-01',921,,45,230,,,0,200,,46,230,,,0,200,,47,230,,,0,200,,48,230,,,0,200,,49,230,,,0,200,,50,230,,,0,200,,51,230,,,0,198,,52,230,,,0
101,'Fête-1-01',831,,53,300,,,0,200,,54,300,,,0,197,,55,300,,,0,200,,56,300,,,0,200,,57,300,,,0,200,,58,300,,,0,202,,59,300,,,0,200,,60,300,,,0
101,'Fête-2-01',629,,76,360,,,0,91,,77,360,,,0,97,,71,360,,,0,102,,63,360,,,0,98,,64,360,,,0,100,,65,360,,,0,105,,66,360,,,0,102,,67,360,,,0,100,,68,360,,,0,101,,62,360,,,0,99,,72,360,,,0,80,,61,360,,,0,30,,74,360,,,0,100,,75,360,,,0,196,,69,360,,,0,196,,70,360,,,0
101,'Semaine-01',629,,93,360,,,0,91,,94,360,,,0,97,,88,360,,,0,102,,80,360,,,0,98,,81,360,,,0,100,,82,360,,,0,105,,83,360,,,0,102,,84,360,,,0,100,,85,360,,,0,101,,79,360,,,0,99,,89,360,,,0,80,,78,360,,,0,30,,91,360,,,0,100,,92,360,,,0,196,,86,360,,,0,196,,87,360,,,0
101,'Week-end-01',831,,95,300,,,0,200,,96,300,,,0,197,,97,300,,,0,200,,98,300,,,0,200,,99,300,,,0,200,,100,300,,,0,202,,101,300,,,0,200,,102,300,,,0
500,'Fête-2-01',1752,,139,120,0,5,0,152,,140,120,0,5,0,100,,141,120,0,5,0
500,'Semaine-01',1752,,142,120,0,6 7,0,152,,143,120,0,6 7,0,100,,144,120,0,6 7,0
900,'Fête-1-01',637,,261,520,,,0,118,,263,520,,,0,200,,264,520,,,0,200,,265,520,,,0,200,,266,520,,,0,200,,267,520,,,0,200,,268,520,,,0,200,,269,520,,,0,200,,270,520,,,0,198,,262,520,,,0
900,'Fête-2-01',527,,272,530,,,0,105,,283,530,,,0,74,,280,530,,,0,39,,284,530,,,0,95,,285,530,,,0,101,,273,530,,,0,100,,274,530,,,0,100,,286,530,,,0,110,,275,530,,,0,105,,287,530,,,0,96,,276,530,,,0,100,,271,530,,,0,156,,282,530,,,0,43,,281,530,,,0,101,,288,530,,,0,100,,277,530,,,0,98,,278,530,,,0,99,,289,530,,,0,100,,290,530,,,0,100,,279,530,,,0
900,'Semaine-01',527,,292,530,,,0,105,,303,530,,,0,74,,300,530,,,0,39,,304,530,,,0,95,,305,530,,,0,101,,293,530,,,0,100,,294,530,,,0,100,,306,530,,,0,110,,295,530,,,0,105,,307,530,,,0,96,,296,530,,,0,100,,291,530,,,0,156,,302,530,,,0,43,,301,530,,,0,101,,308,530,,,0,100,,297,530,,,0,98,,298,530,,,0,99,,309,530,,,0,100,,310,530,,,0,100,,299,530,,,0
900,'Week-end-01',637,,311,520,,,0,118,,313,520,,,0,200,,314,520,,,0,200,,315,520,,,0,200,,316,520,,,0,200,,317,520,,,0,200,,318,520,,,0,200,,319,520,,,0,200,,320,520,,,0,198,,312,520,,,0
1101,'Fête-1-01',837,,439,520,,,0,198,,440,520,,,0,200,,441,520,,,0,200,,442,520,,,0,200,,443,520,,,0,200,,444,520,,,0,200,,445,520,,,0,200,,446,520,,,0
1101,'Fête-2-01',529,,465,380,,,0,72,,466,380,,,0,45,,447,380,,,0,66,,464,380,,,0,46,,448,520,,,0,173,,456,520,,,0,100,,457,520,,,0,99,,458,520,,,0,100,,459,520,,,0,100,,460,520,,,0,100,,461,520,,,0,102,,462,520,,,0,100,,463,520,,,0,115,,449,520,,,0,100,,450,520,,,0,83,,451,520,,,0,98,,452,520,,,0,101,,453,520,,,0,100,,454,520,,,0,100,,455,520,,,0
1101,'Semaine-01',529,,485,380,,,0,72,,487,380,,,0,45,,467,380,,,0,66,,484,380,,,0,46,,468,520,,,0,173,,476,520,,,0,100,,477,520,,,0,99,,478,520,,,0,100,,479,520,,,0,100,,480,520,,,0,100,,481,520,,,0,102,,482,520,,,0,100,,483,520,,,0,81,,486,520,,,0,34,,469,520,,,0,100,,470,520,,,0,83,,471,520,,,0,98,,472,520,,,0,101,,473,520,,,0,100,,474,520,,,0,100,,475,520,,,0
1101,'Week-end-01',837,,488,520,,,0,198,,489,520,,,0,200,,490,520,,,0,200,,491,520,,,0,200,,492,520,,,0,200,,493,520,,,0,200,,494,520,,,0,200,,495,520,,,0
1400,'Fête-1-01',724,,496,260,,,0,200,,497,260,,,0,200,,498,260,,,0,200,,499,260,,,0,200,,500,260,,,0,200,,501,260,,,0,200,,502,260,,,0,200,,503,260,,,0,198,,504,260,,,0
1400,'Fête-2-01',639,,522,260,,,0,73,,506,260,,,0,92,,513,260,,,0,105,,514,260,,,0,103,,515,260,,,0,111,,516,260,,,0,100,,517,260,,,0,100,,518,260,,,0,100,,519,260,,,0,101,,520,260,,,0,100,,507,260,,,0,109,,508,260,,,0,89,,509,260,,,0,102,,510,260,,,0,194,,511,260,,,0,198,,512,260,,,0,194,,521,260,,,0
1400,'Semaine-01',639,,539,260,,,0,73,,523,260,,,0,92,,530,260,,,0,105,,531,260,,,0,103,,532,260,,,0,111,,533,260,,,0,100,,534,260,,,0,100,,535,260,,,0,100,,536,260,,,0,101,,537,260,,,0,100,,524,260,,,0,109,,525,260,,,0,89,,526,260,,,0,102,,527,260,,,0,194,,528,260,,,0,198,,529,260,,,0,194,,538,260,,,0
1400,'Week-end-01',724,,540,260,,,0,200,,541,260,,,0,200,,542,260,,,0,200,,543,260,,,0,200,,544,260,,,0,200,,545,260,,,0,200,,546,260,,,0,200,,547,260,,,0,198,,548,260,,,0
1401,'Fête-1-01',636,,550,430,,,0,200,,551,430,,,0,200,,552,430,,,0,198,,553,430,,,0,200,,554,430,,,0,197,,555,430,,,0,200,,556,430,,,0,205,,557,430,,,0,200,,558,430,,,0
1401,'Fête-2-01',627,,560,430,,,0,88,,567,430,,,0,105,,568,430,,,0,105,,569,430,,,0,100,,570,430,,,0,100,,571,430,,,0,99,,572,430,,,0,100,,573,430,,,0,100,,574,430,,,0,101,,561,430,,,0,100,,562,430,,,0,103,,563,430,,,0,102,,564,430,,,0,195,,565,430,,,0,203,,566,430,,,0
1401,'Semaine-01',627,,577,430,,,0,88,,584,430,,,0,38,,576,430,,,0,67,,585,430,,,0,105,,586,430,,,0,100,,587,430,,,0,100,,588,430,,,0,99,,589,430,,,0,100,,590,430,,,0,100,,591,430,,,0,101,,578,430,,,0,100,,579,430,,,0,103,,580,430,,,0,102,,581,430,,,0,195,,582,430,,,0,203,,583,430,,,0
1401,'Week-end-01',636,,592,430,,,0,200,,593,430,,,0,200,,594,430,,,0,198,,595,430,,,0,200,,596,430,,,0,197,,597,430,,,0,200,,598,430,,,0,205,,599,430,,,0,200,,600,430,,,0
