101,'Fête-2-01',611,,76,90,,,0,91,,77,90,,,0,57,,71,90,,,0,142,,63,90,,,0,58,,64,90,,,0,100,,65,90,,,0,145,,66,90,,,0,102,,67,90,,,0,100,,68,90,,,0,100,,62,90,,,0,99,,72,90,,,0,40,,61,90,,,0,71,,74,90,,,0,100,,75,90,,,0,196,,69,90,,,0,197,,70,90,,,0
101,'Semaine-01',611,,93,90,,,0,91,,94,90,,,0,57,,88,90,,,0,142,,80,90,,,0,58,,81,90,,,0,100,,82,90,,,0,145,,83,90,,,0,102,,84,90,,,0,100,,85,90,,,0,100,,79,90,,,0,99,,89,90,,,0,40,,78,90,,,0,71,,91,90,,,0,100,,92,90,,,0,196,,86,90,,,0,197,,87,90,,,0
201,'Fête-2-01',748,,123,360,,,0,157,,121,360,,,0,205,,126,230,,,0,207,,124,360,,,0,239,,127,230,,,0,249,,125,360,,,0,122,,122,360,,,0
201,'Semaine-01',748,,132,360,,,0,157,,130,360,,,0,205,,135,230,,,0,207,,133,360,,,0,239,,136,230,,,0,249,,134,360,,,0,122,,131,360,,,0
801,'Fête-1-01',822,,215,90,,,0,200,,216,90,,,0,196,,217,90,,,0,200,,218,90,,,0,200,,219,90,,,0,200,,220,90,,,0,202,,221,90,,,0,200,,222,90,,,0
801,'Fête-2-01',758,,230,90,,,0,152,,231,90,,,0,100,,232,90,,,0,103,,233,90,,,0,103,,234,90,,,0,104,,235,90,,,0,101,,236,90,,,0,95,,223,90,,,0,104,,224,90,,,0,29,,225,100,,,0,68,,226,90,,,0,102,,227,90,,,0,195,,228,90,,,0,201,,229,90,,,0
801,'Semaine-01',758,,245,90,,,0,152,,246,90,,,0,100,,247,90,,,0,103,,248,90,,,0,103,,249,90,,,0,104,,250,90,,,0,101,,251,90,,,0,95,,238,90,,,0,104,,239,90,,,0,29,,240,100,,,0,68,,241,90,,,0,102,,242,90,,,0,195,,243,90,,,0,201,,244,90,,,0
801,'Week-end-01',822,,253,90,,,0,200,,254,90,,,0,196,,255,90,,,0,200,,256,90,,,0,200,,257,90,,,0,200,,258,90,,,0,202,,259,90,,,0,200,,260,90,,,0
1101,'Fête-1-01',811,,439,90,,,0,198,,440,90,,,0,200,,441,90,,,0,200,,442,90,,,0,200,,443,90,,,0,200,,444,90,,,0,200,,445,90,,,0,200,,446,90,,,0
1101,'Fête-2-01',730,,448,90,,,0,173,,456,90,,,0,100,,457,90,,,0,99,,458,90,,,0,100,,459,90,,,0,100,,460,90,,,0,101,,461,90,,,0,100,,462,90,,,0,100,,463,90,,,0,116,,449,90,,,0,100,,450,90,,,0,85,,451,90,,,0,98,,452,90,,,0,101,,453,90,,,0,100,,454,90,,,0,100,,455,90,,,0
1101,'Semaine-01',730,,468,90,,,0,173,,476,90,,,0,100,,477,90,,,0,99,,478,90,,,0,100,,479,90,,,0,100,,480,90,,,0,101,,481,90,,,0,100,,482,90,,,0,100,,483,90,,,0,41,,486,90,,,0,75,,469,90,,,0,100,,470,90,,,0,85,,471,90,,,0,98,,472,90,,,0,101,,473,90,,,0,100,,474,90,,,0,100,,475,90,,,0
1101,'Week-end-01',811,,488,90,,,0,198,,489,90,,,0,200,,490,90,,,0,200,,491,90,,,0,200,,492,90,,,0,200,,493,90,,,0,200,,494,90,,,0,200,,495,90,,,0
1401,'Fête-1-01',623,,550,260,,,0,200,,551,260,,,0,200,,552,260,,,0,198,,553,260,,,0,200,,554,260,,,0,196,,555,260,,,0,200,,556,260,,,0,206,,557,260,,,0,200,,558,260,,,0
1401,'Fête-2-01',616,,560,260,,,0,87,,567,260,,,0,104,,568,260,,,0,106,,569,260,,,0,100,,570,260,,,0,100,,571,260,,,0,99,,572,260,,,0,100,,573,260,,,0,100,,574,260,,,0,101,,561,260,,,0,100,,562,260,,,0,30,,559,260,,,0,73,,563,260,,,0,103,,564,260,,,0,195,,565,260,,,0,203,,566,260,,,0
1401,'Semaine-01',616,,577,260,,,0,87,,584,260,,,0,38,,576,260,,,0,66,,585,260,,,0,106,,586,260,,,0,100,,587,260,,,0,100,,588,260,,,0,99,,589,260,,,0,100,,590,260,,,0,100,,591,260,,,0,101,,578,260,,,0,100,,579,260,,,0,30,,575,260,,,0,73,,580,260,,,0,103,,581,260,,,0,195,,582,260,,,0,203,,583,260,,,0
1401,'Week-end-01',623,,592,260,,,0,200,,593,260,,,0,200,,594,260,,,0,198,,595,260,,,0,200,,596,260,,,0,196,,597,260,,,0,200,,598,260,,,0,206,,599,260,,,0,200,,600,260,,,0
10001,'Fête-2-01',441,,730,90,,,0,70,,726,360,,,0,48,,729,360,,,0,77,,727,360,,,0,71,,728,360,,,0
10001,'Semaine-01',441,,737,90,,,0,70,,732,360,,,0,48,,735,360,,,0,77,,733,360,,,0,71,,734,360,,,0
40001,'Fête-2-01',1650,,992,90,,,0,65,,964,90,,,0,105,,965,90,,,0
40001,'Semaine-01',1650,,1039,90,,,0,65,,1011,90,,,0,105,,1012,90,,,0
