1101,'Fête-1-01',814,,439,130,,,0,198,,440,130,,,0,200,,441,130,,,0,200,,442,130,,,0,200,,443,130,,,0,200,,444,130,,,0,200,,445,130,,,0,200,,446,130,,,0
1101,'Fête-2-01',733,,448,130,,,0,173,,456,130,,,0,100,,457,130,,,0,99,,458,130,,,0,100,,459,130,,,0,100,,460,130,,,0,101,,461,130,,,0,100,,462,130,,,0,100,,463,130,,,0,117,,449,130,,,0,100,,450,130,,,0,84,,451,130,,,0,98,,452,130,,,0,101,,453,130,,,0,100,,454,130,,,0,100,,455,130,,,0
1101,'Semaine-01',733,,468,130,,,0,173,,476,130,,,0,100,,477,130,,,0,99,,478,130,,,0,100,,479,130,,,0,100,,480,130,,,0,101,,481,130,,,0,100,,482,130,,,0,100,,483,130,,,0,42,,486,130,,,0,75,,469,130,,,0,100,,470,130,,,0,84,,471,130,,,0,98,,472,130,,,0,101,,473,130,,,0,100,,474,130,,,0,100,,475,130,,,0
1101,'Week-end-01',814,,488,130,,,0,198,,489,130,,,0,200,,490,130,,,0,200,,491,130,,,0,200,,492,130,,,0,200,,493,130,,,0,200,,494,130,,,0,200,,495,130,,,0
1401,'Fête-1-01',628,,550,300,,,0,200,,551,300,,,0,200,,552,300,,,0,198,,553,300,,,0,200,,554,300,,,0,196,,555,300,,,0,200,,556,300,,,0,206,,557,300,,,0,200,,558,300,,,0
1401,'Fête-2-01',619,,560,300,,,0,87,,567,300,,,0,104,,568,300,,,0,106,,569,300,,,0,100,,570,300,,,0,100,,571,300,,,0,99,,572,300,,,0,100,,573,300,,,0,100,,574,300,,,0,101,,561,300,,,0,100,,562,300,,,0,30,,559,300,,,0,73,,563,300,,,0,103,,564,300,,,0,195,,565,300,,,0,203,,566,300,,,0
1401,'Semaine-01',619,,577,300,,,0,87,,584,300,,,0,38,,576,300,,,0,66,,585,300,,,0,106,,586,300,,,0,100,,587,300,,,0,100,,588,300,,,0,99,,589,300,,,0,100,,590,300,,,0,100,,591,300,,,0,101,,578,300,,,0,100,,579,300,,,0,30,,575,300,,,0,73,,580,300,,,0,103,,581,300,,,0,195,,582,300,,,0,203,,583,300,,,0
1401,'Week-end-01',628,,592,300,,,0,200,,593,300,,,0,200,,594,300,,,0,198,,595,300,,,0,200,,596,300,,,0,196,,597,300,,,0,200,,598,300,,,0,206,,599,300,,,0,200,,600,300,,,0
10001,'Fête-2-01',444,,730,130,,,0,70,,726,400,,,0,88,,729,400,,,0,37,,727,400,,,0,71,,728,400,,,0
10001,'Semaine-01',444,,737,130,,,0,70,,732,400,,,0,88,,735,400,,,0,37,,733,400,,,0,71,,734,400,,,0
