200,'Fête-2-01',1032,,110,150,0,8,0,174,,104,150,0,11,0,310,,111,150,0,8,0,132,,105,150,0,11,0,176,,106,150,0,11,0
200,'Semaine-01',1032,,119,150,0,8,0,174,,113,150,0,11,0,310,,120,150,0,8,0,132,,114,150,0,11,0,176,,115,150,0,11,0
1100,'Fête-1-01',955,,381,540,,,0,200,,382,540,,,0,200,,383,540,,,0,200,,384,540,,,0,200,,385,540,,,0,200,,386,540,,,0,200,,387,540,,,0,198,,388,540,,,0
1100,'Fête-2-01',644,,407,540,,,0,102,,390,540,,,0,104,,398,540,,,0,78,,399,540,,,0,97,,400,540,,,0,112,,401,540,,,0,100,,402,540,,,0,88,,403,540,,,0,100,,404,540,,,0,100,,405,540,,,0,100,,391,540,,,0,114,,392,540,,,0,90,,406,540,,,0,102,,389,540,,,0,100,,393,540,,,0,92,,394,540,,,0,100,,395,540,,,0,100,,396,540,,,0,98,,397,540,,,0
1100,'Semaine-01',644,,430,540,,,0,102,,411,540,,,0,101,,410,400,4,,0,3,,420,540,,,0,78,,421,540,,,0,97,,422,540,,,0,112,,423,540,,,0,100,,424,540,,,0,88,,425,540,,,0,100,,426,540,,,0,100,,427,540,,,0,100,,412,540,,,0,75,,409,540,,,0,39,,413,540,,,0,65,,414,540,,,0,25,,428,540,,,0,23,,429,540,,,0,79,,408,540,,,0,100,,415,540,,,0,92,,416,540,,,0,100,,417,540,,,0,100,,418,540,,,0,98,,419,540,,,0
1100,'Week-end-01',955,,431,540,,,0,200,,432,540,,,0,200,,433,540,,,0,200,,434,540,,,0,200,,435,540,,,0,200,,436,540,,,0,200,,437,540,,,0,198,,438,540,,,0
1400,'Fête-1-01',750,,496,560,,,0,200,,497,560,,,0,200,,498,560,,,0,200,,499,560,,,0,200,,500,560,,,0,200,,501,560,,,0,200,,502,560,,,0,200,,503,560,,,0,198,,504,560,,,0,187,,505,470,,,0
1400,'Fête-2-01',701,,522,560,,,0,33,,506,560,,,0,94,,513,560,,,0,104,,514,560,,,0,103,,515,560,,,0,111,,516,560,,,0,100,,517,560,,,0,101,,518,560,,,0,100,,519,560,,,0,103,,520,560,,,0,101,,507,560,,,0,107,,508,560,,,0,86,,509,560,,,0,102,,510,560,,,0,193,,511,560,,,0,196,,512,560,,,0,194,,521,560,,,0
1400,'Semaine-01',701,,539,560,,,0,33,,523,560,,,0,94,,530,560,,,0,104,,531,560,,,0,103,,532,560,,,0,111,,533,560,,,0,100,,534,560,,,0,101,,535,560,,,0,100,,536,560,,,0,103,,537,560,,,0,101,,524,560,,,0,107,,525,560,,,0,86,,526,560,,,0,102,,527,560,,,0,193,,528,560,,,0,196,,529,560,,,0,194,,538,560,,,0
1400,'Week-end-01',750,,540,560,,,0,200,,541,560,,,0,200,,542,560,,,0,200,,543,560,,,0,200,,544,560,,,0,200,,545,560,,,0,200,,546,560,,,0,200,,547,560,,,0,198,,548,560,,,0,187,,549,470,,,0
10000,'Fête-2-01',1654,,713,610,,,0,68,,714,610,,,0,25,,718,610,,,0,82,,716,610,,,0,15,,715,610,,,0,69,,717,610,4,,0
10000,'Semaine-01',1654,,719,610,,,0,68,,720,610,,,0,25,,724,610,,,0,82,,722,610,,,0,15,,721,610,,,0,69,,723,610,4,,0
