100,'Fête-1-01',921,,1,220,,,0,200,,2,220,,,0,200,,3,220,,,0,200,,4,220,,,0,200,,5,220,,,0,200,,6,220,,,0,200,,7,220,,,0,198,,8,220,,,0
100,'Fête-2-01',709,,19,220,,,0,100,,20,220,,,0,20,,21,220,,,0,77,,11,220,,,0,100,,12,220,,,0,100,,13,220,,,0,121,,14,220,,,0,100,,15,220,,,0,100,,16,220,,,0,93,,22,220,,,0,100,,17,220,,,0,95,,18,220,,,0,106,,23,220,,,0,101,,24,220,,,0,195,,25,220,,,0,198,,26,220,,,0
100,'Semaine-01',709,,37,220,,,0,100,,38,220,,,0,20,,39,220,,,0,77,,29,220,,,0,100,,30,220,,,0,100,,31,220,,,0,121,,32,220,,,0,100,,33,220,,,0,100,,34,220,,,0,93,,40,220,,,0,100,,35,220,,,0,95,,36,220,,,0,106,,41,220,,,0,101,,42,220,,,0,195,,43,220,,,0,198,,44,220,,,0
100,'Week-end-01',921,,45,220,,,0,200,,46,220,,,0,200,,47,220,,,0,200,,48,220,,,0,200,,49,220,,,0,200,,50,220,,,0,200,,51,220,,,0,198,,52,220,,,0
101,'Fête-1-01',831,,53,290,,,0,200,,54,290,,,0,197,,55,290,,,0,200,,56,290,,,0,200,,57,290,,,0,200,,58,290,,,0,202,,59,290,,,0,200,,60,290,,,0
101,'Fête-2-01',628,,76,350,,,0,91,,77,350,,,0,97,,71,350,,,0,102,,63,350,,,0,98,,64,350,,,0,100,,65,350,,,0,105,,66,350,,,0,102,,67,350,,,0,100,,68,350,,,0,101,,62,350,,,0,99,,72,350,,,0,80,,61,350,,,0,30,,74,350,,,0,100,,75,350,,,0,196,,69,350,,,0,197,,70,350,,,0
101,'Semaine-01',628,,93,350,,,0,91,,94,350,,,0,97,,88,350,,,0,102,,80,350,,,0,98,,81,350,,,0,100,,82,350,,,0,105,,83,350,,,0,102,,84,350,,,0,100,,85,350,,,0,101,,79,350,,,0,99,,89,350,,,0,80,,78,350,,,0,30,,91,350,,,0,100,,92,350,,,0,196,,86,350,,,0,197,,87,350,,,0
101,'Week-end-01',831,,95,290,,,0,200,,96,290,,,0,197,,97,290,,,0,200,,98,290,,,0,200,,99,290,,,0,200,,100,290,,,0,202,,101,290,,,0,200,,102,290,,,0
500,'Fête-2-01',1752,,139,110,0,5,0,152,,140,110,0,5,0,99,,141,110,0,5,0
500,'Semaine-01',1752,,142,110,0,6 7,0,152,,143,110,0,6 7,0,99,,144,110,0,6 7,0
900,'Fête-1-01',636,,261,510,,,0,118,,263,510,,,0,200,,264,510,,,0,200,,265,510,,,0,200,,266,510,,,0,200,,267,510,,,0,200,,268,510,,,0,200,,269,510,,,0,200,,270,510,,,0,198,,262,510,,,0
900,'Fête-2-01',526,,272,520,,,0,105,,283,520,,,0,74,,280,520,,,0,39,,284,520,,,0,95,,285,520,,,0,101,,273,520,,,0,100,,274,520,,,0,100,,286,520,,,0,110,,275,520,,,0,105,,287,520,,,0,96,,276,520,,,0,100,,271,520,,,0,156,,282,520,,,0,43,,281,520,,,0,101,,288,520,,,0,100,,277,520,,,0,98,,278,520,,,0,99,,289,520,,,0,100,,290,520,,,0,100,,279,520,,,0
900,'Semaine-01',526,,292,520,,,0,105,,303,520,,,0,74,,300,520,,,0,39,,304,520,,,0,95,,305,520,,,0,101,,293,520,,,0,100,,294,520,,,0,100,,306,520,,,0,110,,295,520,,,0,105,,307,520,,,0,96,,296,520,,,0,100,,291,520,,,0,156,,302,520,,,0,43,,301,520,,,0,101,,308,520,,,0,100,,297,520,,,0,98,,298,520,,,0,99,,309,520,,,0,100,,310,520,,,0,100,,299,520,,,0
900,'Week-end-01',636,,311,510,,,0,118,,313,510,,,0,200,,314,510,,,0,200,,315,510,,,0,200,,316,510,,,0,200,,317,510,,,0,200,,318,510,,,0,200,,319,510,,,0,200,,320,510,,,0,198,,312,510,,,0
1101,'Fête-1-01',836,,439,510,,,0,198,,440,510,,,0,200,,441,510,,,0,200,,442,510,,,0,200,,443,510,,,0,200,,444,510,,,0,200,,445,510,,,0,200,,446,510,,,0
1101,'Fête-2-01',528,,465,370,,,0,72,,466,370,,,0,45,,447,370,,,0,66,,464,370,,,0,46,,448,510,,,0,173,,456,510,,,0,100,,457,510,,,0,99,,458,510,,,0,100,,459,510,,,0,100,,460,510,,,0,100,,461,510,,,0,102,,462,510,,,0,100,,463,510,,,0,115,,449,510,,,0,100,,450,510,,,0,83,,451,510,,,0,98,,452,510,,,0,101,,453,510,,,0,100,,454,510,,,0,100,,455,510,,,0
1101,'Semaine-01',528,,485,370,,,0,72,,487,370,,,0,45,,467,370,,,0,66,,484,370,,,0,46,,468,510,,,0,173,,476,510,,,0,100,,477,510,,,0,99,,478,510,,,0,100,,479,510,,,0,100,,480,510,,,0,100,,481,510,,,0,102,,482,510,,,0,100,,483,510,,,0,81,,486,510,,,0,34,,469,510,,,0,100,,470,510,,,0,83,,471,510,,,0,98,,472,510,,,0,101,,473,510,,,0,100,,474,510,,,0,100,,475,510,,,0
1101,'Week-end-01',836,,488,510,,,0,198,,489,510,,,0,200,,490,510,,,0,200,,491,510,,,0,200,,492,510,,,0,200,,493,510,,,0,200,,494,510,,,0,200,,495,510,,,0
1400,'Fête-1-01',723,,496,250,,,0,200,,497,250,,,0,200,,498,250,,,0,200,,499,250,,,0,200,,500,250,,,0,200,,501,250,,,0,200,,502,250,,,0,200,,503,250,,,0,198,,504,250,,,0
1400,'Fête-2-01',638,,522,250,,,0,73,,506,250,,,0,92,,513,250,,,0,105,,514,250,,,0,103,,515,250,,,0,111,,516,250,,,0,100,,517,250,,,0,100,,518,250,,,0,100,,519,250,,,0,101,,520,250,,,0,100,,507,250,,,0,109,,508,250,,,0,89,,509,250,,,0,102,,510,250,,,0,195,,511,250,,,0,197,,512,250,,,0,195,,521,250,,,0
1400,'Semaine-01',638,,539,250,,,0,73,,523,250,,,0,92,,530,250,,,0,105,,531,250,,,0,103,,532,250,,,0,111,,533,250,,,0,100,,534,250,,,0,100,,535,250,,,0,100,,536,250,,,0,101,,537,250,,,0,100,,524,250,,,0,109,,525,250,,,0,89,,526,250,,,0,102,,527,250,,,0,195,,528,250,,,0,197,,529,250,,,0,195,,538,250,,,0
1400,'Week-end-01',723,,540,250,,,0,200,,541,250,,,0,200,,542,250,,,0,200,,543,250,,,0,200,,544,250,,,0,200,,545,250,,,0,200,,546,250,,,0,200,,547,250,,,0,198,,548,250,,,0
1401,'Fête-1-01',635,,550,420,,,0,200,,551,420,,,0,200,,552,420,,,0,198,,553,420,,,0,200,,554,420,,,0,197,,555,420,,,0,200,,556,420,,,0,205,,557,420,,,0,200,,558,420,,,0
1401,'Fête-2-01',626,,560,420,,,0,88,,567,420,,,0,105,,568,420,,,0,105,,569,420,,,0,100,,570,420,,,0,100,,571,420,,,0,99,,572,420,,,0,100,,573,420,,,0,100,,574,420,,,0,101,,561,420,,,0,100,,562,420,,,0,103,,563,420,,,0,102,,564,420,,,0,195,,565,420,,,0,203,,566,420,,,0
1401,'Semaine-01',626,,577,420,,,0,88,,584,420,,,0,38,,576,420,,,0,67,,585,420,,,0,105,,586,420,,,0,100,,587,420,,,0,100,,588,420,,,0,99,,589,420,,,0,100,,590,420,,,0,100,,591,420,,,0,101,,578,420,,,0,100,,579,420,,,0,103,,580,420,,,0,102,,581,420,,,0,195,,582,420,,,0,203,,583,420,,,0
1401,'Week-end-01',635,,592,420,,,0,200,,593,420,,,0,200,,594,420,,,0,198,,595,420,,,0,200,,596,420,,,0,197,,597,420,,,0,200,,598,420,,,0,205,,599,420,,,0,200,,600,420,,,0
