101,'Fête-1-01',855,,53,600,,,0,200,,54,600,,,0,197,,55,600,,,0,200,,56,600,,,0,200,,57,600,,,0,200,,58,600,,,0,202,,59,600,,,0,200,,60,600,,,0
101,'Fête-2-01',649,,76,610,,,0,91,,77,610,,,0,103,,71,660,,,0,102,,63,660,,,0,100,,64,660,,,0,100,,65,660,,,0,105,,66,660,,,0,103,,67,660,,,0,100,,68,660,,,0,101,,62,660,,,0,93,,72,610,,,0,79,,73,610,,,0,29,,74,610,,,0,100,,75,610,,,0,194,,69,610,,,0,196,,70,610,,,0
101,'Semaine-01',649,,93,610,,,0,91,,94,610,,,0,103,,88,660,,,0,102,,80,660,,,0,100,,81,660,,,0,100,,82,660,,,0,105,,83,660,,,0,103,,84,660,,,0,100,,85,660,,,0,101,,79,660,,,0,93,,89,610,,,0,79,,90,610,,,0,29,,91,610,,,0,100,,92,610,,,0,194,,86,610,,,0,196,,87,610,,,0
101,'Week-end-01',855,,95,600,,,0,200,,96,600,,,0,197,,97,600,,,0,200,,98,600,,,0,200,,99,600,,,0,200,,100,600,,,0,202,,101,600,,,0,200,,102,600,,,0
901,'Fête-1-01',856,,321,530,,,0,200,,322,530,,,0,198,,323,530,,,0,200,,324,530,,,0,199,,325,530,,,0,200,,326,530,,,0,201,,327,530,,,0,199,,328,530,,,0,198,,329,530,,,0
901,'Fête-2-01',614,,331,540,,,0,34,,330,540,,,0,104,,332,540,,,0,93,,343,540,,,0,101,,334,540,,,0,100,,335,540,,,0,100,,344,540,,,0,100,,336,540,,,0,108,,345,540,,,0,100,,337,540,,,0,100,,338,540,,,0,101,,333,540,,,0,148,,346,540,,,0,21,,347,540,,,0,28,,348,540,,,0,96,,339,540,,,0,100,,340,540,,,0,100,,349,540,,,0,97,,350,540,,,0,100,,341,540,,,0,99,,342,540,,,0
901,'Semaine-01',614,,352,540,,,0,34,,351,540,,,0,104,,353,540,,,0,93,,364,540,,,0,101,,355,540,,,0,100,,356,540,,,0,100,,365,540,,,0,100,,357,540,,,0,108,,366,540,,,0,100,,358,540,,,0,100,,359,540,,,0,101,,354,540,,,0,148,,367,540,,,0,21,,368,540,,,0,28,,369,540,,,0,96,,360,540,,,0,100,,361,540,,,0,100,,370,540,,,0,97,,371,540,,,0,100,,362,540,,,0,99,,363,540,,,0
901,'Week-end-01',856,,372,530,,,0,200,,373,530,,,0,198,,374,530,,,0,200,,375,530,,,0,199,,376,530,,,0,200,,377,530,,,0,201,,378,530,,,0,199,,379,530,,,0,198,,380,530,,,0
1401,'Fête-1-01',655,,550,710,,,0,200,,551,710,,,0,200,,552,710,,,0,198,,553,710,,,0,200,,554,710,,,0,200,,555,710,,,0,200,,556,710,,,0,202,,557,710,,,0,200,,558,710,,,0
1401,'Fête-2-01',648,,560,710,,,0,90,,567,710,,,0,105,,568,710,,,0,105,,569,710,,,0,100,,570,710,,,0,100,,571,710,,,0,99,,572,710,,,0,100,,573,710,,,0,100,,574,710,,,0,103,,561,710,,,0,102,,562,710,,,0,56,,559,620,,,0,47,,563,710,,,0,98,,564,710,,,0,195,,565,710,,,0,203,,566,710,,,0
1401,'Semaine-01',648,,577,710,,,0,90,,584,710,,,0,105,,585,710,,,0,105,,586,710,,,0,100,,587,710,,,0,100,,588,710,,,0,99,,589,710,,,0,100,,590,710,,,0,100,,591,710,,,0,103,,578,710,,,0,102,,579,710,,,0,56,,575,620,,,0,47,,580,710,,,0,98,,581,710,,,0,195,,582,710,,,0,203,,583,710,,,0
1401,'Week-end-01',655,,592,710,,,0,200,,593,710,,,0,200,,594,710,,,0,198,,595,710,,,0,200,,596,710,,,0,200,,597,710,,,0,200,,598,710,,,0,202,,599,710,,,0,200,,600,710,,,0
1500,'Fête-1-01',907,,601,50,,,1,100,,602,50,,,1,100,,603,50,,,1,100,,604,50,,,1,100,,605,50,,,1,100,,606,50,,,1,100,,607,50,,,1,100,,608,50,,,1,100,,609,50,,,1,100,,610,50,,,1,100,,611,50,,,1,200,,612,50,,,1,200,,613,50,,,1
1500,'Fête-2-01',707,,614,50,,,1,51,,621,50,,,1,99,,622,50,,,1,100,,623,50,,,1,100,,624,50,,,1,148,,625,50,,,1,95,,626,50,,,1,100,,627,50,,,1,100,,628,50,,,1,107,,615,50,,,1,105,,616,50,,,1,98,,617,50,,,1,102,,618,50,,,1,194,,619,50,,,1,202,,620,50,,,1
1500,'Semaine-01',707,,629,50,,,1,51,,636,50,,,1,99,,637,50,,,1,100,,638,50,,,1,100,,639,50,,,1,148,,640,50,,,1,95,,641,50,,,1,100,,642,50,,,1,100,,643,50,,,1,107,,630,50,,,1,105,,631,50,,,1,98,,632,50,,,1,102,,633,50,,,1,194,,634,50,,,1,202,,635,50,,,1
1500,'Week-end-01',907,,644,50,,,1,100,,645,50,,,1,100,,646,50,,,1,100,,647,50,,,1,100,,648,50,,,1,100,,649,50,,,1,100,,650,50,,,1,100,,651,50,,,1,100,,652,50,,,1,100,,653,50,,,1,100,,654,50,,,1,200,,655,50,,,1,200,,656,50,,,1
10001,'Fête-2-01',459,,730,450,,,0,70,,726,720,,,0,88,,729,720,,,0,39,,727,720,,,0,71,,728,720,,,0,27,,725,310,,,0
10001,'Semaine-01',459,,737,450,,,0,70,,732,720,,,0,88,,735,720,,,0,30,,736,310,,,0,9,,733,720,,,0,71,,734,720,,,0,27,,731,310,,,0
