1500,'Fête-1-01',918,,601,220,,,1,100,,602,220,,,1,100,,603,220,,,1,100,,604,220,,,1,102,,605,220,,,1,100,,606,220,,,1,100,,607,220,,,1,100,,608,220,,,1,100,,609,220,,,1,99,,610,220,,,1,100,,611,220,,,1,198,,612,220,,,1,200,,613,220,,,1
1500,'Fête-2-01',716,,614,220,,,1,91,,621,220,,,1,99,,622,220,,,1,100,,623,220,,,1,100,,624,220,,,1,108,,625,220,,,1,96,,626,220,,,1,100,,627,220,,,1,100,,628,220,,,1,107,,615,220,,,1,104,,616,220,,,1,97,,617,220,,,1,102,,618,220,,,1,194,,619,220,,,1,202,,620,220,,,1
1500,'Semaine-01',716,,629,220,,,1,91,,636,220,,,1,99,,637,220,,,1,100,,638,220,,,1,100,,639,220,,,1,108,,640,220,,,1,96,,641,220,,,1,100,,642,220,,,1,100,,643,220,,,1,107,,630,220,,,1,104,,631,220,,,1,97,,632,220,,,1,102,,633,220,,,1,194,,634,220,,,1,202,,635,220,,,1
1500,'Week-end-01',918,,644,220,,,1,100,,645,220,,,1,100,,646,220,,,1,100,,647,220,,,1,102,,648,220,,,1,100,,649,220,,,1,100,,650,220,,,1,100,,651,220,,,1,100,,652,220,,,1,99,,653,220,,,1,100,,654,220,,,1,198,,655,220,,,1,200,,656,220,,,1
1501,'Fête-1-01',842,,657,260,,,1,100,,658,260,,,1,100,,659,260,,,1,100,,660,260,,,1,100,,661,260,,,1,100,,662,260,,,1,98,,663,260,,,1,100,,664,260,,,1,100,,665,260,,,1,100,,666,260,,,1,100,,667,260,,,1,202,,668,260,,,1,200,,669,260,,,1
1501,'Fête-2-01',640,,670,260,,,1,95,,677,260,,,1,98,,678,260,,,1,98,,679,260,,,1,100,,680,260,,,1,105,,681,260,,,1,101,,682,260,,,1,100,,683,260,,,1,100,,684,260,,,1,99,,671,260,,,1,101,,672,260,,,1,105,,673,260,,,1,91,,674,260,,,1,205,,675,260,,,1,198,,676,260,,,1
1501,'Semaine-01',640,,685,260,,,1,95,,692,260,,,1,98,,693,260,,,1,98,,694,260,,,1,100,,695,260,,,1,105,,696,260,,,1,101,,697,260,,,1,100,,698,260,,,1,100,,699,260,,,1,99,,686,260,,,1,101,,687,260,,,1,105,,688,260,,,1,91,,689,260,,,1,205,,690,260,,,1,198,,691,260,,,1
1501,'Week-end-01',842,,700,260,,,1,100,,701,260,,,1,100,,702,260,,,1,100,,703,260,,,1,100,,704,260,,,1,100,,705,260,,,1,98,,706,260,,,1,100,,707,260,,,1,100,,708,260,,,1,100,,709,260,,,1,100,,710,260,,,1,202,,711,260,,,1,200,,712,260,,,1
30000,'Fête-2-01',626,,778,280,,,0,198,,779,280,,,0,383,,780,280,,,0,398,,781,280,,,0,120,,782,280,,,0,95,,783,280,,,0,93,,784,280,,,0,492,,785,280,,,0
30000,'Semaine-01',626,,786,280,,,0,198,,787,280,,,0,383,,788,280,,,0,398,,789,280,,,0,120,,790,280,,,0,95,,791,280,,,0,93,,792,280,,,0,492,,793,280,,,0
30001,'Fête-2-01',448,,800,250,,,0,65,,794,250,,,0,35,,795,250,,,0,70,,798,250,,,0,20,,796,250,,,0,75,,799,250,,,0,30,,797,250,,,0
30001,'Semaine-01',448,,807,250,,,0,65,,801,250,,,0,35,,802,250,,,0,70,,805,250,,,0,20,,803,250,,,0,75,,806,250,,,0,30,,804,250,,,0
40000,'Fête-1-01',801,,808,300,0,7,0,110,,809,300,0,7,0,101,,810,300,0,7,0,101,,811,300,0,7,0,100,,812,300,0,7,0,100,,813,300,0,7,0,100,,814,300,0,7,0,100,,815,300,0,7,0,100,,816,300,0,7,0,102,,817,300,0,7,0,100,,818,300,0,7,0,99,,819,300,0,7,0,100,,820,300,0,7,0,98,,821,300,0,7,0,100,,822,300,0,7,0,99,,823,300,0,7,0,100,,824,300,0,7,0,100,,825,300,0,7,0,100,,826,300,0,7,0
40000,'Fête-2-01',657,,842,300,,,0,83,,834,300,0,7,0,71,,866,300,,,0,24,,867,300,,,0,65,,828,300,0,6 7,0,20,,835,300,0,7,0,80,,836,300,0,7,0,20,,849,300,0,7,0,33,,829,300,0,6 7,0,60,,858,300,0,7,0,40,,840,300,0,6 7,0,67,,827,300,0,7,0,80,,830,300,0,6 7,0,20,,861,300,0,7,0,81,,831,300,0,6 7,0,19,,862,300,0,7,0,80,,832,300,0,7,0,23,,841,300,0,6 7,0,17,,863,300,0,7,0,70,,864,300,0,7,0,15,,865,300,0,7,0,15,,844,300,0,7,0,15,,845,300,0,7,0,50,,846,300,0,7,0,10,,847,300,0,7,0,29,,848,300,0,7,0,10,,850,300,0,7,0,58,,851,300,0,7,0,20,,852,300,0,7,0,19,,853,300,0,7,0,93,,854,300,0,7,0,65,,833,300,0,7,0,30,,855,300,0,7,0,70,,837,300,0,7,0,30,,856,300,0,7,0,70,,838,300,0,7,0,30,,857,300,0,7,0,70,,839,300,0,7,0,30,,859,300,0,7,0,165,,843,300,0,7,0,100,,860,300,0,7,0
40000,'Semaine-01',657,,883,300,,,0,83,,875,300,0,7,0,71,,907,300,,,0,24,,908,300,,,0,65,,869,300,0,6 7,0,20,,876,300,0,7,0,80,,877,300,0,7,0,20,,890,300,0,7,0,33,,870,300,0,6 7,0,60,,899,300,0,7,0,40,,881,300,0,6 7,0,67,,868,300,0,7,0,80,,871,300,0,6 7,0,20,,902,300,0,7,0,81,,872,300,0,6 7,0,19,,903,300,0,7,0,80,,873,300,0,7,0,23,,882,300,0,6 7,0,17,,904,300,0,7,0,70,,905,300,0,7,0,15,,906,300,0,7,0,15,,885,300,0,7,0,15,,886,300,0,7,0,50,,887,300,0,7,0,10,,888,300,0,7,0,29,,889,300,0,7,0,10,,891,300,0,7,0,58,,892,300,0,7,0,20,,893,300,0,7,0,19,,894,300,0,7,0,93,,895,300,0,7,0,65,,874,300,0,7,0,30,,896,300,0,7,0,70,,878,300,0,7,0,30,,897,300,0,7,0,70,,879,300,0,7,0,30,,898,300,0,7,0,70,,880,300,0,7,0,30,,900,300,0,7,0,165,,884,300,0,7,0,100,,901,300,0,7,0
40000,'Week-end-01',801,,909,300,0,7,0,110,,910,300,0,7,0,101,,911,300,0,7,0,101,,912,300,0,7,0,100,,913,300,0,7,0,100,,914,300,0,7,0,100,,915,300,0,7,0,100,,916,300,0,7,0,100,,917,300,0,7,0,102,,918,300,0,7,0,100,,919,300,0,7,0,99,,920,300,0,7,0,100,,921,300,0,7,0,98,,922,300,0,7,0,100,,923,300,0,7,0,99,,924,300,0,7,0,100,,925,300,0,7,0,100,,926,300,0,7,0,100,,927,300,0,7,0
40001,'Fête-1-01',640,,928,250,,,0,109,,929,250,,,0,100,,930,250,,,0,100,,931,250,,,0,100,,932,250,,,0,100,,933,250,,,0,100,,934,250,,,0,98,,935,250,,,0,98,,936,250,,,0,100,,937,250,,,0,100,,938,250,,,0,100,,939,250,,,0,100,,940,250,,,0,101,,941,250,,,0,100,,942,250,,,0,100,,943,250,,,0,101,,944,250,,,0,101,,945,250,,,0,100,,946,250,,,0
40001,'Fête-2-01',435,,989,250,,,0,23,,990,250,,,0,70,,983,250,,,0,30,,985,250,,,0,50,,986,250,,,0,20,,966,250,,,0,20,,987,250,,,0,55,,988,250,,,0,30,,978,250,,,0,70,,979,250,,,0,10,,984,250,,,0,30,,980,250,,,0,100,,981,250,,,0,77,,953,250,,,0,23,,982,250,,,0,100,,967,250,,,0,78,,947,250,,,0,22,,968,250,,,0,105,,969,250,,,0,100,,970,250,,,0,60,,955,250,,,0,40,,971,250,,,0,101,,991,250,,,0,66,,992,370,,,0,27,,964,370,,,0,71,,954,250,,,0,25,,965,370,,,0,72,,951,250,,,0,31,,972,250,,,0,100,,973,250,,,0,102,,974,250,,,0,96,,975,250,,,0,100,,976,250,,,0,104,,977,250,,,0
40001,'Semaine-01',435,,1036,250,,,0,23,,1037,250,,,0,70,,1030,250,,,0,30,,1032,250,,,0,50,,1033,250,,,0,20,,1013,250,,,0,20,,1034,250,,,0,55,,1035,250,,,0,30,,1025,250,,,0,70,,1026,250,,,0,10,,1031,250,,,0,30,,1027,250,,,0,100,,1028,250,,,0,77,,999,250,,,0,23,,1029,250,,,0,100,,1014,250,,,0,78,,993,250,,,0,22,,1015,250,,,0,105,,1016,250,,,0,100,,1017,250,,,0,60,,1001,250,,,0,40,,1018,250,,,0,101,,1038,250,,,0,66,,1039,370,,,0,27,,1011,370,,,0,71,,1000,250,,,0,25,,1012,370,,,0,72,,997,250,,,0,31,,1019,250,,,0,100,,1020,250,,,0,102,,1021,250,,,0,96,,1022,250,,,0,100,,1023,250,,,0,104,,1024,250,,,0
40001,'Week-end-01',640,,1040,250,,,0,109,,1041,250,,,0,100,,1042,250,,,0,100,,1043,250,,,0,100,,1044,250,,,0,100,,1045,250,,,0,100,,1046,250,,,0,98,,1047,250,,,0,98,,1048,250,,,0,100,,1049,250,,,0,100,,1050,250,,,0,100,,1051,250,,,0,100,,1052,250,,,0,101,,1053,250,,,0,100,,1054,250,,,0,100,,1055,250,,,0,101,,1056,250,,,0,101,,1057,250,,,0,100,,1058,250,,,0
