900,'Fête-1-01',619,,261,200,,,0,118,,263,200,,,0,200,,264,200,,,0,200,,265,200,,,0,200,,266,200,,,0,200,,267,200,,,0,200,,268,200,,,0,200,,269,200,,,0,200,,270,200,,,0,198,,262,200,,,0
900,'Fête-2-01',507,,272,200,,,0,105,,283,200,,,0,34,,280,200,,,0,77,,284,200,,,0,95,,285,200,,,0,102,,273,200,,,0,100,,274,200,,,0,101,,286,200,,,0,110,,275,200,,,0,103,,287,200,,,0,96,,276,200,,,0,100,,271,200,,,0,117,,282,200,,,0,83,,281,200,,,0,103,,288,200,,,0,98,,277,200,,,0,98,,278,200,,,0,100,,289,200,,,0,100,,290,200,,,0,100,,279,200,,,0
900,'Semaine-01',507,,292,200,,,0,105,,303,200,,,0,34,,300,200,,,0,77,,304,200,,,0,95,,305,200,,,0,102,,293,200,,,0,100,,294,200,,,0,101,,306,200,,,0,110,,295,200,,,0,103,,307,200,,,0,96,,296,200,,,0,100,,291,200,,,0,117,,302,200,,,0,83,,301,200,,,0,103,,308,200,,,0,98,,297,200,,,0,98,,298,200,,,0,100,,309,200,,,0,100,,310,200,,,0,100,,299,200,,,0
900,'Week-end-01',619,,311,200,,,0,118,,313,200,,,0,200,,314,200,,,0,200,,315,200,,,0,200,,316,200,,,0,200,,317,200,,,0,200,,318,200,,,0,200,,319,200,,,0,200,,320,200,,,0,198,,312,200,,,0
1400,'Fête-1-01',714,,496,60,,,0,200,,497,60,,,0,200,,498,60,,,0,200,,499,60,,,0,200,,500,60,,,0,200,,501,60,,,0,200,,502,60,,,0,200,,503,60,,,0,198,,504,60,,,0,200,,505,60,,,0
1400,'Fête-2-01',628,,522,60,,,0,73,,506,60,,,0,52,,513,60,,,0,105,,514,60,,,0,143,,515,60,,,0,111,,516,60,,,0,100,,517,60,,,0,100,,518,60,,,0,100,,519,60,,,0,100,,520,60,,,0,100,,507,60,,,0,110,,508,60,,,0,90,,509,60,,,0,102,,510,60,,,0,195,,511,60,,,0,198,,512,60,,,0,195,,521,60,,,0
1400,'Semaine-01',628,,539,60,,,0,73,,523,60,,,0,52,,530,60,,,0,105,,531,60,,,0,143,,532,60,,,0,111,,533,60,,,0,100,,534,60,,,0,100,,535,60,,,0,100,,536,60,,,0,100,,537,60,,,0,100,,524,60,,,0,110,,525,60,,,0,90,,526,60,,,0,102,,527,60,,,0,195,,528,60,,,0,198,,529,60,,,0,195,,538,60,,,0
1400,'Week-end-01',714,,540,60,,,0,200,,541,60,,,0,200,,542,60,,,0,200,,543,60,,,0,200,,544,60,,,0,200,,545,60,,,0,200,,546,60,,,0,200,,547,60,,,0,198,,548,60,,,0,200,,549,60,,,0
10000,'Fête-2-01',1630,,713,200,,,0,28,,714,200,,,0,65,,718,200,,,0,84,,716,200,,,0,15,,715,200,,,0,30,,717,200,,,0
10000,'Semaine-01',1630,,719,200,,,0,28,,720,200,,,0,65,,724,200,,,0,84,,722,200,,,0,15,,721,200,,,0,30,,723,200,,,0
