100,'Fête-2-01',741,,10,360,,,0,101,,20,600,,,0,60,,9,360,,,0,44,,11,650,,,0,100,,12,650,,,0,100,,13,650,,,0,161,,14,650,,,0,101,,15,650,,,0,100,,16,650,,,0,93,,22,650,,,0,100,,17,650,,,0,54,,18,650,,,0,146,,23,650,,,0,101,,24,650,,,0,155,,25,650,,,0,197,,26,650,,,0
100,'Semaine-01',741,,28,360,,,0,101,,38,600,,,0,60,,27,360,,,0,44,,29,650,,,0,100,,30,650,,,0,100,,31,650,,,0,161,,32,650,,,0,101,,33,650,,,0,100,,34,650,,,0,93,,40,650,,,0,100,,35,650,,,0,54,,36,650,,,0,146,,41,650,,,0,101,,42,650,,,0,155,,43,650,,,0,197,,44,650,,,0
200,'Fête-2-01',1030,,110,130,0,8,0,174,,104,130,,,0,310,,111,130,0,8,0,131,,105,130,,,0,177,,106,130,,,0
200,'Semaine-01',1030,,119,130,0,8,0,174,,113,130,,,0,310,,120,130,0,8,0,131,,114,130,,,0,177,,115,130,,,0
600,'Fête-2-01',540,,153,290,,,0,109,,151,290,,,0,207,,152,290,,,0
600,'Semaine-01',540,,156,290,,,0,109,,154,290,,,0,207,,155,290,,,0
800,'Fête-1-01',946,,165,560,,,0,201,,166,560,,,0,200,,167,560,,,0,200,,168,560,,,0,201,,169,560,,,0,197,,170,560,,,0,199,,171,560,,,0,198,,172,560,,,0
800,'Fête-2-01',710,,174,560,,,0,33,,173,390,,,0,78,,175,560,,,0,79,,189,560,,,0,35,,184,560,,,0,99,,185,560,,,0,100,,176,560,,,0,105,,177,560,,,0,98,,186,560,,,0,105,,187,560,,,0,106,,188,560,,,0,103,,178,560,,,0,90,,179,560,,,0,111,,180,560,,,0,92,,181,560,,,0,195,,182,560,,,0,197,,183,560,,,0
800,'Semaine-01',710,,191,560,,,0,33,,190,390,,,0,78,,192,560,,,0,79,,206,560,,,0,35,,201,560,,,0,99,,202,560,,,0,100,,193,560,,,0,105,,194,560,,,0,98,,203,560,,,0,105,,204,560,,,0,106,,205,560,,,0,103,,195,560,,,0,90,,196,560,,,0,111,,197,560,,,0,92,,198,560,,,0,195,,199,560,,,0,197,,200,560,,,0
800,'Week-end-01',946,,207,560,,,0,201,,208,560,,,0,200,,209,560,,,0,200,,210,560,,,0,201,,211,560,,,0,197,,212,560,,,0,199,,213,560,,,0,198,,214,560,,,0
1100,'Fête-1-01',953,,381,520,,,0,200,,382,520,,,0,200,,383,520,,,0,200,,384,520,,,0,200,,385,520,,,0,200,,386,520,,,0,200,,387,520,,,0,198,,388,520,,,0
1100,'Fête-2-01',642,,407,520,,,0,102,,390,520,,,0,103,,398,520,,,0,78,,399,520,,,0,98,,400,520,,,0,112,,401,520,,,0,100,,402,520,,,0,88,,403,520,,,0,100,,404,520,,,0,100,,405,520,,,0,100,,391,520,,,0,113,,392,520,,,0,90,,406,520,,,0,103,,389,520,,,0,100,,393,520,,,0,92,,394,520,,,0,100,,395,520,,,0,100,,396,520,,,0,98,,397,520,,,0
1100,'Semaine-01',642,,430,520,,,0,102,,411,520,,,0,100,,410,380,,,0,3,,420,520,,,0,78,,421,520,,,0,98,,422,520,,,0,112,,423,520,,,0,100,,424,520,,,0,88,,425,520,,,0,100,,426,520,,,0,100,,427,520,,,0,100,,412,520,,,0,34,,409,520,,,0,79,,413,520,,,0,65,,414,520,,,0,25,,428,520,,,0,24,,429,520,,,0,79,,408,520,,,0,100,,415,520,,,0,92,,416,520,,,0,100,,417,520,,,0,100,,418,520,,,0,98,,419,520,,,0
1100,'Week-end-01',953,,431,520,,,0,200,,432,520,,,0,200,,433,520,,,0,200,,434,520,,,0,200,,435,520,,,0,200,,436,520,,,0,200,,437,520,,,0,198,,438,520,,,0
1400,'Fête-1-01',749,,496,540,,,0,200,,497,540,,,0,200,,498,540,,,0,200,,499,540,,,0,200,,500,540,,,0,200,,501,540,,,0,200,,502,540,,,0,200,,503,540,,,0,198,,504,540,,,0,187,,505,450,,,0
1400,'Fête-2-01',659,,522,540,,,0,73,,506,540,,,0,94,,513,540,,,0,104,,514,540,,,0,103,,515,540,,,0,111,,516,540,,,0,100,,517,540,,,0,101,,518,540,,,0,100,,519,540,,,0,103,,520,540,,,0,101,,507,540,,,0,107,,508,540,,,0,87,,509,540,,,0,102,,510,540,,,0,193,,511,540,,,0,196,,512,540,,,0,194,,521,540,,,0
1400,'Semaine-01',659,,539,540,,,0,73,,523,540,,,0,94,,530,540,,,0,104,,531,540,,,0,103,,532,540,,,0,111,,533,540,,,0,100,,534,540,,,0,101,,535,540,,,0,100,,536,540,,,0,103,,537,540,,,0,101,,524,540,,,0,107,,525,540,,,0,87,,526,540,,,0,102,,527,540,,,0,193,,528,540,,,0,196,,529,540,,,0,194,,538,540,,,0
1400,'Week-end-01',749,,540,540,,,0,200,,541,540,,,0,200,,542,540,,,0,200,,543,540,,,0,200,,544,540,,,0,200,,545,540,,,0,200,,546,540,,,0,200,,547,540,,,0,198,,548,540,,,0,187,,549,450,,,0
10000,'Fête-2-01',1652,,713,590,,,0,68,,714,590,,,0,25,,718,590,,,0,82,,716,590,,,0,15,,715,590,,,0,69,,717,590,,,0
10000,'Semaine-01',1652,,719,590,,,0,68,,720,590,,,0,25,,724,590,,,0,82,,722,590,,,0,15,,721,590,,,0,69,,723,590,,,0
40000,'Fête-2-01',729,,842,710,,,0,116,,866,710,,,0,64,,867,710,,,0
40000,'Semaine-01',729,,883,710,,,0,116,,907,710,,,0,64,,908,710,,,0
