1100,'Fête-1-01',1005,,381,720,,,0,200,,382,720,,,0,200,,383,720,,,0,200,,384,720,,,0,200,,385,720,,,0,200,,386,720,,,0,200,,387,720,,,0,198,,388,720,,,0
1100,'Fête-2-01',707,,407,810,,,0,102,,390,810,,,0,107,,398,810,,,0,24,,399,720,,,0,97,,400,720,,,0,112,,401,720,,,0,100,,402,720,,,0,88,,403,720,,,0,100,,404,720,,,0,101,,405,720,,,0,111,,391,810,,,0,153,,392,810,,,0,49,,406,810,,,0,92,,389,720,,,0,100,,393,720,,,0,92,,394,720,,,0,100,,395,720,,,0,100,,396,720,,,0,98,,397,720,,,0
1100,'Semaine-01',707,,430,810,,,0,102,,411,810,,,0,107,,420,810,,,0,24,,421,720,,,0,97,,422,720,,,0,112,,423,720,,,0,100,,424,720,,,0,88,,425,720,,,0,100,,426,720,,,0,101,,427,720,,,0,111,,412,810,,,0,76,,409,810,,,0,77,,413,810,,,0,25,,414,810,,,0,24,,428,810,,,0,63,,429,810,,,0,29,,408,720,,,0,100,,415,720,,,0,92,,416,720,,,0,100,,417,720,,,0,100,,418,720,,,0,98,,419,720,,,0
1100,'Week-end-01',1005,,431,720,,,0,200,,432,720,,,0,200,,433,720,,,0,200,,434,720,,,0,200,,435,720,,,0,200,,436,720,,,0,200,,437,720,,,0,198,,438,720,,,0
1401,'Fête-1-01',617,,550,150,,,0,200,,551,150,,,0,200,,552,150,,,0,198,,553,150,,,0,200,,554,150,,,0,196,,555,150,,,0,200,,556,150,,,0,206,,557,150,,,0,200,,558,150,,,0
1401,'Fête-2-01',609,,560,150,,,0,47,,567,150,,,0,144,,568,150,,,0,106,,569,150,,,0,100,,570,150,,,0,99,,571,150,,,0,99,,572,150,,,0,100,,573,150,,,0,100,,574,150,,,0,101,,561,150,,,0,100,,562,150,,,0,30,,559,150,,,0,73,,563,150,,,0,104,,564,150,,,0,195,,565,150,,,0,203,,566,150,,,0
1401,'Semaine-01',609,,577,150,,,0,47,,584,150,,,0,78,,576,150,,,0,66,,585,150,,,0,106,,586,150,,,0,100,,587,150,,,0,99,,588,150,,,0,99,,589,150,,,0,100,,590,150,,,0,100,,591,150,,,0,101,,578,150,,,0,100,,579,150,,,0,30,,575,150,,,0,73,,580,150,,,0,104,,581,150,,,0,195,,582,150,,,0,203,,583,150,,,0
1401,'Week-end-01',617,,592,150,,,0,200,,593,150,,,0,200,,594,150,,,0,198,,595,150,,,0,200,,596,150,,,0,196,,597,150,,,0,200,,598,150,,,0,206,,599,150,,,0,200,,600,150,,,0
10001,'Fête-2-01',504,,726,250,,,0,48,,729,250,,,0,77,,727,250,,,0,71,,728,250,,,0
10001,'Semaine-01',504,,732,250,,,0,48,,735,250,,,0,77,,733,250,,,0,71,,734,250,,,0
