100,'Fête-2-01',742,,10,370,,,0,101,,20,610,,,0,60,,9,370,,,0,44,,11,660,,,0,100,,12,660,,,0,100,,13,660,,,0,161,,14,660,,,0,101,,15,660,,,0,100,,16,660,,,0,93,,22,660,,,0,100,,17,660,,,0,54,,18,660,,,0,146,,23,660,,,0,101,,24,660,,,0,155,,25,660,,,0,197,,26,660,,,0
100,'Semaine-01',742,,28,370,,,0,101,,38,610,,,0,60,,27,370,,,0,44,,29,660,,,0,100,,30,660,,,0,100,,31,660,,,0,161,,32,660,,,0,101,,33,660,,,0,100,,34,660,,,0,93,,40,660,,,0,100,,35,660,,,0,54,,36,660,,,0,146,,41,660,,,0,101,,42,660,,,0,155,,43,660,,,0,197,,44,660,,,0
200,'Fête-2-01',1031,,110,140,0,8,0,174,,104,140,0,11,0,309,,111,140,0,8,0,132,,105,140,0,11,0,177,,106,140,0,11,0
200,'Semaine-01',1031,,119,140,0,8,0,174,,113,140,0,11,0,309,,120,140,0,8,0,132,,114,140,0,11,0,177,,115,140,0,11,0
600,'Fête-2-01',541,,153,300,,,0,109,,151,300,,,0,207,,152,300,,,0
600,'Semaine-01',541,,156,300,,,0,109,,154,300,,,0,207,,155,300,,,0
800,'Fête-1-01',947,,165,570,,,0,201,,166,570,,,0,200,,167,570,,,0,200,,168,570,,,0,201,,169,570,,,0,197,,170,570,,,0,199,,171,570,,,0,198,,172,570,,,0
800,'Fête-2-01',711,,174,570,,,0,32,,173,400,,,0,78,,175,570,,,0,79,,189,570,,,0,35,,184,570,,,0,99,,185,570,,,0,100,,176,570,,,0,105,,177,570,,,0,99,,186,570,,,0,105,,187,570,,,0,106,,188,570,,,0,102,,178,570,,,0,91,,179,570,,,0,111,,180,570,,,0,92,,181,570,,,0,194,,182,570,,,0,197,,183,570,,,0
800,'Semaine-01',711,,191,570,,,0,32,,190,400,,,0,78,,192,570,,,0,79,,206,570,,,0,35,,201,570,,,0,99,,202,570,,,0,100,,193,570,,,0,105,,194,570,,,0,99,,203,570,,,0,105,,204,570,,,0,106,,205,570,,,0,102,,195,570,,,0,91,,196,570,,,0,111,,197,570,,,0,92,,198,570,,,0,194,,199,570,,,0,197,,200,570,,,0
800,'Week-end-01',947,,207,570,,,0,201,,208,570,,,0,200,,209,570,,,0,200,,210,570,,,0,201,,211,570,,,0,197,,212,570,,,0,199,,213,570,,,0,198,,214,570,,,0
1100,'Fête-1-01',954,,381,530,,,0,200,,382,530,,,0,200,,383,530,,,0,200,,384,530,,,0,200,,385,530,,,0,200,,386,530,,,0,200,,387,530,,,0,198,,388,530,,,0
1100,'Fête-2-01',643,,407,530,,,0,101,,390,530,,,0,104,,398,530,,,0,78,,399,530,,,0,98,,400,530,,,0,112,,401,530,,,0,100,,402,530,,,0,88,,403,530,,,0,100,,404,530,,,0,100,,405,530,,,0,100,,391,530,,,0,113,,392,530,,,0,90,,406,530,,,0,103,,389,530,,,0,100,,393,530,,,0,92,,394,530,,,0,100,,395,530,,,0,100,,396,530,,,0,98,,397,530,,,0
1100,'Semaine-01',643,,430,530,,,0,101,,411,530,,,0,101,,410,390,,,0,3,,420,530,,,0,78,,421,530,,,0,98,,422,530,,,0,112,,423,530,,,0,100,,424,530,,,0,88,,425,530,,,0,100,,426,530,,,0,100,,427,530,,,0,100,,412,530,,,0,34,,409,530,,,0,79,,413,530,,,0,65,,414,530,,,0,25,,428,530,,,0,23,,429,530,,,0,80,,408,530,,,0,100,,415,530,,,0,92,,416,530,,,0,100,,417,530,,,0,100,,418,530,,,0,98,,419,530,,,0
1100,'Week-end-01',954,,431,530,,,0,200,,432,530,,,0,200,,433,530,,,0,200,,434,530,,,0,200,,435,530,,,0,200,,436,530,,,0,200,,437,530,,,0,198,,438,530,,,0
1400,'Fête-1-01',749,,496,550,,,0,200,,497,550,,,0,200,,498,550,,,0,200,,499,550,,,0,200,,500,550,,,0,200,,501,550,,,0,200,,502,550,,,0,200,,503,550,,,0,198,,504,550,,,0,187,,505,460,,,0
1400,'Fête-2-01',700,,522,550,,,0,33,,506,550,,,0,94,,513,550,,,0,104,,514,550,,,0,103,,515,550,,,0,111,,516,550,,,0,100,,517,550,,,0,101,,518,550,,,0,100,,519,550,,,0,103,,520,550,,,0,101,,507,550,,,0,107,,508,550,,,0,86,,509,550,,,0,102,,510,550,,,0,193,,511,550,,,0,196,,512,550,,,0,194,,521,550,,,0
1400,'Semaine-01',700,,539,550,,,0,33,,523,550,,,0,94,,530,550,,,0,104,,531,550,,,0,103,,532,550,,,0,111,,533,550,,,0,100,,534,550,,,0,101,,535,550,,,0,100,,536,550,,,0,103,,537,550,,,0,101,,524,550,,,0,107,,525,550,,,0,86,,526,550,,,0,102,,527,550,,,0,193,,528,550,,,0,196,,529,550,,,0,194,,538,550,,,0
1400,'Week-end-01',749,,540,550,,,0,200,,541,550,,,0,200,,542,550,,,0,200,,543,550,,,0,200,,544,550,,,0,200,,545,550,,,0,200,,546,550,,,0,200,,547,550,,,0,198,,548,550,,,0,187,,549,460,,,0
10000,'Fête-2-01',1653,,713,600,,,0,68,,714,600,,,0,25,,718,600,,,0,82,,716,600,,,0,15,,715,600,,,0,69,,717,600,,,0
10000,'Semaine-01',1653,,719,600,,,0,68,,720,600,,,0,25,,724,600,,,0,82,,722,600,,,0,15,,721,600,,,0,69,,723,600,,,0
40000,'Fête-2-01',730,,842,720,0,10,0,116,,866,720,0,10,0,64,,867,720,0,10,0
40000,'Semaine-01',730,,883,720,0,10,0,116,,907,720,0,10,0,64,,908,720,0,10,0
