100,'Fête-1-01',934,,1,320,,,0,200,,2,320,,,0,200,,3,320,,,0,200,,4,320,,,0,200,,5,320,,,0,200,,6,320,,,0,200,,7,320,,,0,198,,8,320,,,0
100,'Fête-2-01',716,,10,30,,,0,101,,20,270,,,0,20,,9,30,,,0,84,,11,320,,,0,100,,12,320,,,0,100,,13,320,,,0,121,,14,320,,,0,100,,15,320,,,0,100,,16,320,,,0,93,,22,320,,,0,100,,17,320,,,0,95,,18,320,,,0,106,,23,320,,,0,101,,24,320,,,0,195,,25,320,,,0,197,,26,320,,,0
100,'Semaine-01',716,,28,30,,,0,101,,38,270,,,0,20,,27,30,,,0,84,,29,320,,,0,100,,30,320,,,0,100,,31,320,,,0,121,,32,320,,,0,100,,33,320,,,0,100,,34,320,,,0,93,,40,320,,,0,100,,35,320,,,0,95,,36,320,,,0,106,,41,320,,,0,101,,42,320,,,0,195,,43,320,,,0,197,,44,320,,,0
100,'Week-end-01',934,,45,320,,,0,200,,46,320,,,0,200,,47,320,,,0,200,,48,320,,,0,200,,49,320,,,0,200,,50,320,,,0,200,,51,320,,,0,198,,52,320,,,0
101,'Fête-1-01',844,,53,390,,,0,200,,54,390,,,0,197,,55,390,,,0,200,,56,390,,,0,200,,57,390,,,0,200,,58,390,,,0,202,,59,390,,,0,200,,60,390,,,0
101,'Fête-2-01',636,,76,400,,,0,91,,77,400,,,0,103,,71,450,,,0,102,,63,450,,,0,98,,64,450,,,0,100,,65,450,,,0,105,,66,450,,,0,103,,67,450,,,0,100,,68,450,,,0,101,,62,450,,,0,92,,72,400,,,0,80,,73,400,,,0,30,,74,400,,,0,100,,75,400,,,0,196,,69,400,,,0,196,,70,400,,,0
101,'Semaine-01',636,,93,400,,,0,91,,94,400,,,0,103,,88,450,,,0,102,,80,450,,,0,98,,81,450,,,0,100,,82,450,,,0,105,,83,450,,,0,103,,84,450,,,0,100,,85,450,,,0,101,,79,450,,,0,92,,89,400,,,0,80,,90,400,,,0,30,,91,400,,,0,100,,92,400,,,0,196,,86,400,,,0,196,,87,400,,,0
101,'Week-end-01',844,,95,390,,,0,200,,96,390,,,0,197,,97,390,,,0,200,,98,390,,,0,200,,99,390,,,0,200,,100,390,,,0,202,,101,390,,,0,200,,102,390,,,0
501,'Fête-2-01',540,,145,30,,,0,76,,146,30,,,0,30,,147,30,,,0
501,'Semaine-01',540,,148,30,,,0,76,,149,30,,,0,30,,150,30,,,0
901,'Fête-1-01',809,,321,30,,,0,200,,322,30,,,0,197,,323,30,,,0,200,,324,30,,,0,200,,325,30,,,0,200,,326,30,,,0,202,,327,30,,,0,200,,328,30,,,0,198,,329,30,,,0
901,'Fête-2-01',528,,331,30,,,0,74,,330,30,,,0,102,,332,30,,,0,53,,343,30,,,0,102,,334,30,,,0,100,,335,30,,,0,100,,344,30,,,0,100,,336,30,,,0,146,,345,30,,,0,100,,337,30,,,0,100,,338,30,,,0,102,,333,30,,,0,109,,346,30,,,0,21,,347,30,,,0,70,,348,30,,,0,96,,339,30,,,0,100,,340,30,,,0,100,,349,30,,,0,100,,350,30,,,0,100,,341,30,,,0,99,,342,30,,,0
901,'Semaine-01',528,,352,30,,,0,74,,351,30,,,0,102,,353,30,,,0,53,,364,30,,,0,102,,355,30,,,0,100,,356,30,,,0,100,,365,30,,,0,100,,357,30,,,0,146,,366,30,,,0,100,,358,30,,,0,100,,359,30,,,0,102,,354,30,,,0,109,,367,30,,,0,21,,368,30,,,0,70,,369,30,,,0,96,,360,30,,,0,100,,361,30,,,0,100,,370,30,,,0,100,,371,30,,,0,100,,362,30,,,0,99,,363,30,,,0
901,'Week-end-01',809,,372,30,,,0,200,,373,30,,,0,197,,374,30,,,0,200,,375,30,,,0,200,,376,30,,,0,200,,377,30,,,0,202,,378,30,,,0,200,,379,30,,,0,198,,380,30,,,0
1100,'Fête-1-01',921,,381,30,,,0,200,,382,30,,,0,200,,383,30,,,0,200,,384,30,,,0,200,,385,30,,,0,200,,386,30,,,0,200,,387,30,,,0,198,,388,30,,,0
1100,'Fête-2-01',610,,407,30,,,0,101,,390,30,,,0,103,,398,30,,,0,37,,399,30,,,0,100,,400,30,,,0,152,,401,30,,,0,100,,402,30,,,0,48,,403,30,,,0,100,,404,30,,,0,100,,405,30,,,0,100,,391,30,,,0,151,,392,30,,,0,50,,406,30,,,0,105,,389,30,,,0,100,,393,30,,,0,94,,394,30,,,0,100,,395,30,,,0,100,,396,30,,,0,98,,397,30,,,0
1100,'Semaine-01',610,,430,30,,,0,101,,411,30,,,0,103,,420,30,,,0,37,,421,30,,,0,100,,422,30,,,0,152,,423,30,,,0,100,,424,30,,,0,48,,425,30,,,0,100,,426,30,,,0,100,,427,30,,,0,100,,412,30,,,0,71,,409,30,,,0,80,,413,30,,,0,25,,414,30,,,0,25,,428,30,,,0,65,,429,30,,,0,40,,408,30,,,0,100,,415,30,,,0,94,,416,30,,,0,100,,417,30,,,0,100,,418,30,,,0,98,,419,30,,,0
1100,'Week-end-01',921,,431,30,,,0,200,,432,30,,,0,200,,433,30,,,0,200,,434,30,,,0,200,,435,30,,,0,200,,436,30,,,0,200,,437,30,,,0,198,,438,30,,,0
1400,'Fête-1-01',729,,496,300,,,0,200,,497,300,,,0,200,,498,300,,,0,200,,499,300,,,0,200,,500,300,,,0,200,,501,300,,,0,200,,502,300,,,0,200,,503,300,,,0,198,,504,300,,,0
1400,'Fête-2-01',644,,522,300,,,0,73,,506,300,,,0,93,,513,300,,,0,104,,514,300,,,0,103,,515,300,,,0,111,,516,300,,,0,100,,517,300,,,0,101,,518,300,,,0,100,,519,300,,,0,102,,520,300,,,0,100,,507,300,,,0,108,,508,300,,,0,88,,509,300,,,0,102,,510,300,,,0,194,,511,300,,,0,197,,512,300,,,0,194,,521,300,,,0
1400,'Semaine-01',644,,539,300,,,0,73,,523,300,,,0,93,,530,300,,,0,104,,531,300,,,0,103,,532,300,,,0,111,,533,300,,,0,100,,534,300,,,0,101,,535,300,,,0,100,,536,300,,,0,102,,537,300,,,0,100,,524,300,,,0,108,,525,300,,,0,88,,526,300,,,0,102,,527,300,,,0,194,,528,300,,,0,197,,529,300,,,0,194,,538,300,,,0
1400,'Week-end-01',729,,540,300,,,0,200,,541,300,,,0,200,,542,300,,,0,200,,543,300,,,0,200,,544,300,,,0,200,,545,300,,,0,200,,546,300,,,0,200,,547,300,,,0,198,,548,300,,,0
1401,'Fête-1-01',641,,550,470,,,0,200,,551,470,,,0,200,,552,470,,,0,198,,553,470,,,0,200,,554,470,,,0,198,,555,470,,,0,200,,556,470,,,0,204,,557,470,,,0,200,,558,470,,,0
1401,'Fête-2-01',633,,560,470,,,0,89,,567,470,,,0,105,,568,470,,,0,105,,569,470,,,0,100,,570,470,,,0,100,,571,470,,,0,99,,572,470,,,0,100,,573,470,,,0,100,,574,470,,,0,101,,561,470,,,0,101,,562,470,,,0,103,,563,470,,,0,101,,564,470,,,0,195,,565,470,,,0,203,,566,470,,,0
1401,'Semaine-01',633,,577,470,,,0,89,,584,470,,,0,105,,585,470,,,0,105,,586,470,,,0,100,,587,470,,,0,100,,588,470,,,0,99,,589,470,,,0,100,,590,470,,,0,100,,591,470,,,0,101,,578,470,,,0,101,,579,470,,,0,103,,580,470,,,0,101,,581,470,,,0,195,,582,470,,,0,203,,583,470,,,0
1401,'Week-end-01',641,,592,470,,,0,200,,593,470,,,0,200,,594,470,,,0,198,,595,470,,,0,200,,596,470,,,0,198,,597,470,,,0,200,,598,470,,,0,204,,599,470,,,0,200,,600,470,,,0
