800,'Fête-1-01',938,,165,450,,,0,201,,166,450,,,0,200,,167,450,,,0,200,,168,450,,,0,201,,169,450,,,0,197,,170,450,,,0,199,,171,450,,,0,198,,172,450,,,0
800,'Fête-2-01',701,,174,450,,,0,30,,173,280,,,0,78,,175,450,,,0,39,,189,450,,,0,75,,184,450,,,0,99,,185,450,,,0,100,,176,450,,,0,105,,177,450,,,0,100,,186,450,,,0,105,,187,450,,,0,105,,188,450,,,0,100,,178,450,,,0,95,,179,450,,,0,112,,180,450,,,0,92,,181,450,,,0,195,,182,450,,,0,197,,183,450,,,0
800,'Semaine-01',701,,191,450,,,0,30,,190,280,,,0,78,,192,450,,,0,39,,206,450,,,0,75,,201,450,,,0,99,,202,450,,,0,100,,193,450,,,0,105,,194,450,,,0,100,,203,450,,,0,105,,204,450,,,0,105,,205,450,,,0,100,,195,450,,,0,95,,196,450,,,0,112,,197,450,,,0,92,,198,450,,,0,195,,199,450,,,0,197,,200,450,,,0
800,'Week-end-01',938,,207,450,,,0,201,,208,450,,,0,200,,209,450,,,0,200,,210,450,,,0,201,,211,450,,,0,197,,212,450,,,0,199,,213,450,,,0,198,,214,450,,,0
30000,'Fête-2-01',646,,778,580,4,,0,198,,779,580,4,,0,383,,780,580,4,,0,400,,781,580,4,,0,120,,782,580,4,,0,93,,783,580,4,,0,92,,784,580,4,,0,492,,785,580,4,,0
30000,'Semaine-01',646,,786,580,4,,0,198,,787,580,4,,0,383,,788,580,4,,0,400,,789,580,4,,0,120,,790,580,4,,0,93,,791,580,4,,0,92,,792,580,4,,0,492,,793,580,4,,0
40000,'Fête-1-01',820,,808,600,4,,0,110,,809,600,4,,0,101,,810,600,4,,0,101,,811,600,4,,0,100,,812,600,4,,0,101,,813,600,4,,0,102,,814,600,4,,0,100,,815,600,4,,0,100,,816,600,4,,0,101,,817,600,4,,0,101,,818,600,4,,0,98,,819,600,4,,0,100,,820,600,4,,0,97,,821,600,4,,0,100,,822,600,4,,0,99,,823,600,4,,0,100,,824,600,4,,0,100,,825,600,4,,0,100,,826,600,4,,0
40000,'Fête-2-01',718,,842,600,0,10,0,83,,834,600,4,,0,33,,866,600,0,10,0,24,,867,600,0,10,0,83,,835,600,4,,0,80,,836,600,4,,0,20,,849,600,4,,0,93,,858,600,4,,0,107,,827,600,4,,0,100,,861,600,4,,0,100,,862,600,4,,0,81,,832,600,4,,0,80,,863,600,4,,0,30,,864,600,4,,0,15,,865,600,4,,0,55,,844,600,4,,0,15,,845,600,4,,0,10,,846,600,4,,0,10,,847,600,4,,0,69,,848,600,4,,0,10,,850,600,4,,0,17,,851,600,4,,0,20,,852,600,4,,0,59,,853,600,4,,0,93,,854,600,4,,0,25,,833,600,4,,0,70,,855,600,4,,0,30,,837,600,4,,0,70,,856,600,4,,0,30,,838,600,4,,0,70,,857,600,4,,0,28,,839,600,4,,0,30,,859,600,4,,0,165,,843,600,4,,0,100,,860,600,4,,0
40000,'Semaine-01',718,,883,600,0,10,0,83,,875,600,4,,0,33,,907,600,0,10,0,24,,908,600,0,10,0,83,,876,600,4,,0,80,,877,600,4,,0,20,,890,600,4,,0,93,,899,600,4,,0,107,,868,600,4,,0,100,,902,600,4,,0,100,,903,600,4,,0,81,,873,600,4,,0,80,,904,600,4,,0,30,,905,600,4,,0,15,,906,600,4,,0,55,,885,600,4,,0,15,,886,600,4,,0,10,,887,600,4,,0,10,,888,600,4,,0,69,,889,600,4,,0,10,,891,600,4,,0,17,,892,600,4,,0,20,,893,600,4,,0,59,,894,600,4,,0,93,,895,600,4,,0,25,,874,600,4,,0,70,,896,600,4,,0,30,,878,600,4,,0,70,,897,600,4,,0,30,,879,600,4,,0,70,,898,600,4,,0,28,,880,600,4,,0,30,,900,600,4,,0,165,,884,600,4,,0,100,,901,600,4,,0
40000,'Week-end-01',820,,909,600,4,,0,110,,910,600,4,,0,101,,911,600,4,,0,101,,912,600,4,,0,100,,913,600,4,,0,101,,914,600,4,,0,102,,915,600,4,,0,100,,916,600,4,,0,100,,917,600,4,,0,101,,918,600,4,,0,101,,919,600,4,,0,98,,920,600,4,,0,100,,921,600,4,,0,97,,922,600,4,,0,100,,923,600,4,,0,99,,924,600,4,,0,100,,925,600,4,,0,100,,926,600,4,,0,100,,927,600,4,,0
