100,'Fête-2-01',740,,10,340,,,0,101,,20,580,,,0,60,,9,340,,,0,44,,11,630,,,0,100,,12,630,,,0,100,,13,630,,,0,161,,14,630,,,0,101,,15,630,,,0,100,,16,630,,,0,93,,22,630,,,0,100,,17,630,,,0,54,,18,630,,,0,146,,23,630,,,0,101,,24,630,,,0,155,,25,630,,,0,197,,26,630,,,0
100,'Semaine-01',740,,28,340,,,0,101,,38,580,,,0,60,,27,340,,,0,44,,29,630,,,0,100,,30,630,,,0,100,,31,630,,,0,161,,32,630,,,0,101,,33,630,,,0,100,,34,630,,,0,93,,40,630,,,0,100,,35,630,,,0,54,,36,630,,,0,146,,41,630,,,0,101,,42,630,,,0,155,,43,630,,,0,197,,44,630,,,0
200,'Fête-2-01',1030,,110,110,0,8,0,174,,104,110,0,11,0,309,,111,110,0,8,0,131,,105,110,0,11,0,177,,106,110,0,11,0
200,'Semaine-01',1030,,119,110,0,8,0,174,,113,110,0,11,0,309,,120,110,0,8,0,131,,114,110,0,11,0,177,,115,110,0,11,0
600,'Fête-2-01',538,,153,270,,,0,109,,151,270,,,0,207,,152,270,,,0
600,'Semaine-01',538,,156,270,,,0,109,,154,270,,,0,207,,155,270,,,0
800,'Fête-1-01',946,,165,540,,,0,201,,166,540,,,0,200,,167,540,,,0,200,,168,540,,,0,201,,169,540,,,0,197,,170,540,,,0,199,,171,540,,,0,198,,172,540,,,0
800,'Fête-2-01',710,,174,540,,,0,32,,173,370,,,0,78,,175,540,,,0,39,,189,540,,,0,75,,184,540,,,0,99,,185,540,,,0,100,,176,540,,,0,105,,177,540,,,0,98,,186,540,,,0,105,,187,540,,,0,106,,188,540,,,0,103,,178,540,,,0,91,,179,540,,,0,111,,180,540,,,0,92,,181,540,,,0,194,,182,540,,,0,197,,183,540,,,0
800,'Semaine-01',710,,191,540,,,0,32,,190,370,,,0,78,,192,540,,,0,39,,206,540,,,0,75,,201,540,,,0,99,,202,540,,,0,100,,193,540,,,0,105,,194,540,,,0,98,,203,540,,,0,105,,204,540,,,0,106,,205,540,,,0,103,,195,540,,,0,91,,196,540,,,0,111,,197,540,,,0,92,,198,540,,,0,194,,199,540,,,0,197,,200,540,,,0
800,'Week-end-01',946,,207,540,,,0,201,,208,540,,,0,200,,209,540,,,0,200,,210,540,,,0,201,,211,540,,,0,197,,212,540,,,0,199,,213,540,,,0,198,,214,540,,,0
1100,'Fête-1-01',952,,381,500,,,0,200,,382,500,,,0,200,,383,500,,,0,200,,384,500,,,0,200,,385,500,,,0,200,,386,500,,,0,200,,387,500,,,0,198,,388,500,,,0
1100,'Fête-2-01',641,,407,500,,,0,102,,390,500,,,0,103,,398,500,,,0,78,,399,500,,,0,98,,400,500,,,0,112,,401,500,,,0,100,,402,500,,,0,88,,403,500,,,0,100,,404,500,,,0,100,,405,500,,,0,100,,391,500,,,0,113,,392,500,,,0,90,,406,500,,,0,103,,389,500,,,0,100,,393,500,,,0,93,,394,500,,,0,100,,395,500,,,0,100,,396,500,,,0,98,,397,500,,,0
1100,'Semaine-01',641,,430,500,,,0,102,,411,500,,,0,100,,410,360,,,0,3,,420,500,,,0,78,,421,500,,,0,98,,422,500,,,0,112,,423,500,,,0,100,,424,500,,,0,88,,425,500,,,0,100,,426,500,,,0,100,,427,500,,,0,100,,412,500,,,0,34,,409,500,,,0,79,,413,500,,,0,65,,414,500,,,0,25,,428,500,,,0,24,,429,500,,,0,79,,408,500,,,0,100,,415,500,,,0,93,,416,500,,,0,100,,417,500,,,0,100,,418,500,,,0,98,,419,500,,,0
1100,'Week-end-01',952,,431,500,,,0,200,,432,500,,,0,200,,433,500,,,0,200,,434,500,,,0,200,,435,500,,,0,200,,436,500,,,0,200,,437,500,,,0,198,,438,500,,,0
1400,'Fête-1-01',748,,496,520,,,0,200,,497,520,,,0,200,,498,520,,,0,200,,499,520,,,0,200,,500,520,,,0,200,,501,520,,,0,200,,502,520,,,0,200,,503,520,,,0,198,,504,520,,,0,187,,505,430,,,0
1400,'Fête-2-01',659,,522,520,,,0,73,,506,520,,,0,94,,513,520,,,0,104,,514,520,,,0,103,,515,520,,,0,111,,516,520,,,0,100,,517,520,,,0,101,,518,520,,,0,100,,519,520,,,0,103,,520,520,,,0,101,,507,520,,,0,107,,508,520,,,0,86,,509,520,,,0,102,,510,520,,,0,193,,511,520,,,0,196,,512,520,,,0,194,,521,520,,,0
1400,'Semaine-01',659,,539,520,,,0,73,,523,520,,,0,94,,530,520,,,0,104,,531,520,,,0,103,,532,520,,,0,111,,533,520,,,0,100,,534,520,,,0,101,,535,520,,,0,100,,536,520,,,0,103,,537,520,,,0,101,,524,520,,,0,107,,525,520,,,0,86,,526,520,,,0,102,,527,520,,,0,193,,528,520,,,0,196,,529,520,,,0,194,,538,520,,,0
1400,'Week-end-01',748,,540,520,,,0,200,,541,520,,,0,200,,542,520,,,0,200,,543,520,,,0,200,,544,520,,,0,200,,545,520,,,0,200,,546,520,,,0,200,,547,520,,,0,198,,548,520,,,0,187,,549,430,,,0
10000,'Fête-2-01',1652,,713,570,,,0,68,,714,570,,,0,25,,718,570,,,0,82,,716,570,,,0,15,,715,570,,,0,69,,717,570,,,0
10000,'Semaine-01',1652,,719,570,,,0,68,,720,570,,,0,25,,724,570,,,0,82,,722,570,,,0,15,,721,570,,,0,69,,723,570,,,0
40000,'Fête-2-01',728,,842,690,0,10,0,116,,866,690,0,10,0,64,,867,690,0,10,0
40000,'Semaine-01',728,,883,690,0,10,0,116,,907,690,0,10,0,64,,908,690,0,10,0
