201,'Fête-2-01',742,,123,290,,,0,117,,121,290,,,0,245,,126,160,,,0,207,,124,290,,,0,239,,127,160,,,0,209,,125,290,,,0,162,,122,290,,,0
201,'Semaine-01',742,,132,290,,,0,117,,130,290,,,0,245,,135,160,,,0,207,,133,290,,,0,239,,136,160,,,0,209,,134,290,,,0,162,,131,290,,,0
601,'Fête-2-01',1702,,157,20,0,9,0,55,,158,20,0,9,0,80,,159,20,0,7,0,93,,160,20,0,7,0
601,'Semaine-01',1702,,161,20,0,9,0,55,,162,20,0,9,0,80,,163,20,0,7,0,93,,164,20,0,7,0
1401,'Fête-1-01',619,,550,190,,,0,200,,551,190,,,0,200,,552,190,,,0,198,,553,190,,,0,200,,554,190,,,0,196,,555,190,,,0,200,,556,190,,,0,206,,557,190,,,0,200,,558,190,,,0
1401,'Fête-2-01',611,,560,190,,,0,47,,567,190,,,0,144,,568,190,,,0,106,,569,190,,,0,100,,570,190,,,0,99,,571,190,,,0,99,,572,190,,,0,100,,573,190,,,0,100,,574,190,,,0,101,,561,190,,,0,100,,562,190,,,0,30,,559,190,,,0,73,,563,190,,,0,104,,564,190,,,0,195,,565,190,,,0,203,,566,190,,,0
1401,'Semaine-01',611,,577,190,,,0,47,,584,190,,,0,78,,576,190,,,0,66,,585,190,,,0,106,,586,190,,,0,100,,587,190,,,0,99,,588,190,,,0,99,,589,190,,,0,100,,590,190,,,0,100,,591,190,,,0,101,,578,190,,,0,100,,579,190,,,0,30,,575,190,,,0,73,,580,190,,,0,104,,581,190,,,0,195,,582,190,,,0,203,,583,190,,,0
1401,'Week-end-01',619,,592,190,,,0,200,,593,190,,,0,200,,594,190,,,0,198,,595,190,,,0,200,,596,190,,,0,196,,597,190,,,0,200,,598,190,,,0,206,,599,190,,,0,200,,600,190,,,0
10001,'Fête-2-01',436,,730,20,,,0,70,,726,290,,,0,48,,729,290,,,0,77,,727,290,,,0,71,,728,290,,,0
10001,'Semaine-01',436,,737,20,,,0,70,,732,290,,,0,48,,735,290,,,0,77,,733,290,,,0,71,,734,290,,,0
40001,'Fête-2-01',1642,,992,20,,,0,65,,964,20,,,0,109,,965,20,,,0
40001,'Semaine-01',1642,,1039,20,,,0,65,,1011,20,,,0,109,,1012,20,,,0
