201,'Fête-2-01',743,,123,300,,,0,116,,121,300,,,0,245,,126,170,,,0,207,,124,300,,,0,239,,127,170,,,0,209,,125,300,,,0,163,,122,300,,,0
201,'Semaine-01',743,,132,300,,,0,116,,130,300,,,0,245,,135,170,,,0,207,,133,300,,,0,239,,136,170,,,0,209,,134,300,,,0,163,,131,300,,,0
601,'Fête-2-01',1702,,157,30,0,9,0,55,,158,30,0,9,0,80,,159,30,0,7,0,93,,160,30,0,7,0
601,'Semaine-01',1702,,161,30,0,9,0,55,,162,30,0,9,0,80,,163,30,0,7,0,93,,164,30,0,7,0
1401,'Fête-1-01',619,,550,200,,,0,200,,551,200,,,0,200,,552,200,,,0,198,,553,200,,,0,200,,554,200,,,0,196,,555,200,,,0,200,,556,200,,,0,206,,557,200,,,0,200,,558,200,,,0
1401,'Fête-2-01',611,,560,200,,,0,47,,567,200,,,0,144,,568,200,,,0,106,,569,200,,,0,100,,570,200,,,0,99,,571,200,,,0,99,,572,200,,,0,100,,573,200,,,0,100,,574,200,,,0,101,,561,200,,,0,100,,562,200,,,0,30,,559,200,,,0,73,,563,200,,,0,104,,564,200,,,0,195,,565,200,,,0,203,,566,200,,,0
1401,'Semaine-01',611,,577,200,,,0,47,,584,200,,,0,78,,576,200,,,0,66,,585,200,,,0,106,,586,200,,,0,100,,587,200,,,0,99,,588,200,,,0,99,,589,200,,,0,100,,590,200,,,0,100,,591,200,,,0,101,,578,200,,,0,100,,579,200,,,0,30,,575,200,,,0,73,,580,200,,,0,104,,581,200,,,0,195,,582,200,,,0,203,,583,200,,,0
1401,'Week-end-01',619,,592,200,,,0,200,,593,200,,,0,200,,594,200,,,0,198,,595,200,,,0,200,,596,200,,,0,196,,597,200,,,0,200,,598,200,,,0,206,,599,200,,,0,200,,600,200,,,0
10001,'Fête-2-01',436,,730,30,,,0,70,,726,300,,,0,48,,729,300,,,0,77,,727,300,,,0,71,,728,300,,,0
10001,'Semaine-01',436,,737,30,,,0,70,,732,300,,,0,48,,735,300,,,0,77,,733,300,,,0,71,,734,300,,,0
40001,'Fête-2-01',1643,,992,30,,,0,65,,964,30,,,0,109,,965,30,,,0
40001,'Semaine-01',1643,,1039,30,,,0,65,,1011,30,,,0,109,,1012,30,,,0
