1500,'Fête-1-01',922,,601,280,,,1,100,,602,280,,,1,100,,603,280,,,1,100,,604,280,,,1,102,,605,280,,,1,100,,606,280,,,1,100,,607,280,,,1,100,,608,280,,,1,100,,609,280,,,1,99,,610,280,,,1,100,,611,280,,,1,198,,612,280,,,1,200,,613,280,,,1
1500,'Fête-2-01',721,,614,280,,,1,91,,621,280,,,1,99,,622,280,,,1,100,,623,280,,,1,100,,624,280,,,1,108,,625,280,,,1,96,,626,280,,,1,100,,627,280,,,1,100,,628,280,,,1,107,,615,280,,,1,104,,616,280,,,1,97,,617,280,,,1,102,,618,280,,,1,193,,619,280,,,1,201,,620,280,,,1
1500,'Semaine-01',721,,629,280,,,1,91,,636,280,,,1,99,,637,280,,,1,100,,638,280,,,1,100,,639,280,,,1,108,,640,280,,,1,96,,641,280,,,1,100,,642,280,,,1,100,,643,280,,,1,107,,630,280,,,1,104,,631,280,,,1,97,,632,280,,,1,102,,633,280,,,1,193,,634,280,,,1,201,,635,280,,,1
1500,'Week-end-01',922,,644,280,,,1,100,,645,280,,,1,100,,646,280,,,1,100,,647,280,,,1,102,,648,280,,,1,100,,649,280,,,1,100,,650,280,,,1,100,,651,280,,,1,100,,652,280,,,1,99,,653,280,,,1,100,,654,280,,,1,198,,655,280,,,1,200,,656,280,,,1
1501,'Fête-1-01',846,,657,320,,,1,100,,658,320,,,1,100,,659,320,,,1,100,,660,320,,,1,100,,661,320,,,1,100,,662,320,,,1,98,,663,320,,,1,100,,664,320,,,1,100,,665,320,,,1,100,,666,320,,,1,100,,667,320,,,1,202,,668,320,,,1,200,,669,320,,,1
1501,'Fête-2-01',644,,670,320,,,1,95,,677,320,,,1,99,,678,320,,,1,98,,679,320,,,1,100,,680,320,,,1,105,,681,320,,,1,101,,682,320,,,1,100,,683,320,,,1,100,,684,320,,,1,99,,671,320,,,1,101,,672,320,,,1,104,,673,320,,,1,91,,674,320,,,1,205,,675,320,,,1,198,,676,320,,,1
1501,'Semaine-01',644,,685,320,,,1,95,,692,320,,,1,99,,693,320,,,1,98,,694,320,,,1,100,,695,320,,,1,105,,696,320,,,1,101,,697,320,,,1,100,,698,320,,,1,100,,699,320,,,1,99,,686,320,,,1,101,,687,320,,,1,104,,688,320,,,1,91,,689,320,,,1,205,,690,320,,,1,198,,691,320,,,1
1501,'Week-end-01',846,,700,320,,,1,100,,701,320,,,1,100,,702,320,,,1,100,,703,320,,,1,100,,704,320,,,1,100,,705,320,,,1,98,,706,320,,,1,100,,707,320,,,1,100,,708,320,,,1,100,,709,320,,,1,100,,710,320,,,1,202,,711,320,,,1,200,,712,320,,,1
30001,'Fête-2-01',454,,800,310,,,0,65,,794,310,,,0,35,,795,310,,,0,70,,798,310,,,0,20,,796,310,,,0,75,,799,310,,,0,30,,797,310,,,0
30001,'Semaine-01',454,,807,310,,,0,65,,801,310,,,0,35,,802,310,,,0,70,,805,310,,,0,20,,803,310,,,0,75,,806,310,,,0,30,,804,310,,,0
