1100,'Fête-1-01',944,,381,400,,,0,200,,382,400,,,0,200,,383,400,,,0,200,,384,400,,,0,200,,385,400,,,0,200,,386,400,,,0,200,,387,400,,,0,198,,388,400,,,0
1100,'Fête-2-01',633,,407,400,,,0,101,,390,400,,,0,103,,398,400,,,0,77,,399,400,,,0,100,,400,400,,,0,112,,401,400,,,0,100,,402,400,,,0,88,,403,400,,,0,100,,404,400,,,0,100,,405,400,,,0,100,,391,400,,,0,112,,392,400,,,0,90,,406,400,,,0,104,,389,400,,,0,100,,393,400,,,0,93,,394,400,,,0,100,,395,400,,,0,100,,396,400,,,0,98,,397,400,,,0
1100,'Semaine-01',633,,430,400,,,0,101,,411,400,,,0,99,,410,260,,,0,4,,420,400,,,0,77,,421,400,,,0,100,,422,400,,,0,112,,423,400,,,0,100,,424,400,,,0,88,,425,400,,,0,100,,426,400,,,0,100,,427,400,,,0,100,,412,400,,,0,32,,409,400,,,0,80,,413,400,,,0,25,,414,400,,,0,65,,428,400,,,0,24,,429,400,,,0,80,,408,400,,,0,100,,415,400,,,0,93,,416,400,,,0,100,,417,400,,,0,100,,418,400,,,0,98,,419,400,,,0
1100,'Week-end-01',944,,431,400,,,0,200,,432,400,,,0,200,,433,400,,,0,200,,434,400,,,0,200,,435,400,,,0,200,,436,400,,,0,200,,437,400,,,0,198,,438,400,,,0
1400,'Fête-1-01',740,,496,420,,,0,200,,497,420,,,0,200,,498,420,,,0,200,,499,420,,,0,200,,500,420,,,0,200,,501,420,,,0,200,,502,420,,,0,200,,503,420,,,0,198,,504,420,,,0,187,,505,330,,,0
1400,'Fête-2-01',651,,522,420,,,0,73,,506,420,,,0,94,,513,420,,,0,104,,514,420,,,0,103,,515,420,,,0,111,,516,420,,,0,100,,517,420,,,0,101,,518,420,,,0,100,,519,420,,,0,103,,520,420,,,0,101,,507,420,,,0,107,,508,420,,,0,87,,509,420,,,0,102,,510,420,,,0,193,,511,420,,,0,196,,512,420,,,0,194,,521,420,,,0
1400,'Semaine-01',651,,539,420,,,0,73,,523,420,,,0,94,,530,420,,,0,104,,531,420,,,0,103,,532,420,,,0,111,,533,420,,,0,100,,534,420,,,0,101,,535,420,,,0,100,,536,420,,,0,103,,537,420,,,0,101,,524,420,,,0,107,,525,420,,,0,87,,526,420,,,0,102,,527,420,,,0,193,,528,420,,,0,196,,529,420,,,0,194,,538,420,,,0
1400,'Week-end-01',740,,540,420,,,0,200,,541,420,,,0,200,,542,420,,,0,200,,543,420,,,0,200,,544,420,,,0,200,,545,420,,,0,200,,546,420,,,0,200,,547,420,,,0,198,,548,420,,,0,187,,549,330,,,0
10000,'Fête-2-01',1645,,713,470,,,0,68,,714,470,,,0,25,,718,470,,,0,82,,716,470,,,0,15,,715,470,,,0,69,,717,470,,,0
10000,'Semaine-01',1645,,719,470,,,0,68,,720,470,,,0,25,,724,470,,,0,82,,722,470,,,0,15,,721,470,,,0,69,,723,470,,,0
