100,'Fête-1-01',958,,1,580,,,0,200,,2,580,,,0,200,,3,580,,,0,200,,4,580,,,0,200,,5,580,,,0,200,,6,580,,,0,200,,7,580,,,0,198,,8,580,,,0
100,'Week-end-01',958,,45,580,,,0,200,,46,580,,,0,200,,47,580,,,0,200,,48,580,,,0,200,,49,580,,,0,200,,50,580,,,0,200,,51,580,,,0,198,,52,580,,,0
201,'Fête-2-01',754,,123,380,,,0,157,,121,380,,,0,205,,126,250,,,0,207,,124,380,,,0,278,,127,250,,,0,209,,125,380,,,0,121,,122,380,,,0
201,'Semaine-01',754,,132,380,,,0,157,,130,380,,,0,205,,135,250,,,0,207,,133,380,,,0,278,,136,250,,,0,209,,134,380,,,0,121,,131,380,,,0
601,'Fête-2-01',1833,,158,360,0,9,0,81,,159,360,0,7,0
601,'Semaine-01',1833,,162,360,0,9,0,81,,163,360,0,7,0
801,'Fête-1-01',826,,215,110,,,0,200,,216,110,,,0,196,,217,110,,,0,200,,218,110,,,0,200,,219,110,,,0,200,,220,110,,,0,202,,221,110,,,0,200,,222,110,,,0
801,'Fête-2-01',802,,230,110,,,0,112,,231,110,,,0,100,,232,110,,,0,103,,233,110,,,0,103,,234,110,,,0,104,,235,110,,,0,101,,236,110,,,0,95,,223,110,,,0,104,,224,110,,,0,29,,225,120,,,0,68,,226,110,,,0,102,,227,110,,,0,195,,228,110,,,0,201,,229,110,,,0
801,'Semaine-01',802,,245,110,,,0,112,,246,110,,,0,100,,247,110,,,0,103,,248,110,,,0,103,,249,110,,,0,104,,250,110,,,0,101,,251,110,,,0,95,,238,110,,,0,104,,239,110,,,0,29,,240,120,,,0,68,,241,110,,,0,102,,242,110,,,0,195,,243,110,,,0,201,,244,110,,,0
801,'Week-end-01',826,,253,110,,,0,200,,254,110,,,0,196,,255,110,,,0,200,,256,110,,,0,200,,257,110,,,0,200,,258,110,,,0,202,,259,110,,,0,200,,260,110,,,0
40001,'Fête-2-01',1658,,992,110,,,0,68,,964,110,,,0,98,,965,110,,,0
40001,'Semaine-01',1658,,1039,110,,,0,68,,1011,110,,,0,98,,1012,110,,,0
