1500,'Fête-1-01',908,,601,70,,,1,100,,602,70,,,1,100,,603,70,,,1,100,,604,70,,,1,100,,605,70,,,1,100,,606,70,,,1,100,,607,70,,,1,100,,608,70,,,1,100,,609,70,,,1,100,,610,70,,,1,100,,611,70,,,1,200,,612,70,,,1,200,,613,70,,,1
1500,'Fête-2-01',708,,614,70,,,1,51,,621,70,,,1,99,,622,70,,,1,100,,623,70,,,1,100,,624,70,,,1,148,,625,70,,,1,95,,626,70,,,1,100,,627,70,,,1,100,,628,70,,,1,107,,615,70,,,1,105,,616,70,,,1,98,,617,70,,,1,102,,618,70,,,1,194,,619,70,,,1,202,,620,70,,,1
1500,'Semaine-01',708,,629,70,,,1,51,,636,70,,,1,99,,637,70,,,1,100,,638,70,,,1,100,,639,70,,,1,148,,640,70,,,1,95,,641,70,,,1,100,,642,70,,,1,100,,643,70,,,1,107,,630,70,,,1,105,,631,70,,,1,98,,632,70,,,1,102,,633,70,,,1,194,,634,70,,,1,202,,635,70,,,1
1500,'Week-end-01',908,,644,70,,,1,100,,645,70,,,1,100,,646,70,,,1,100,,647,70,,,1,100,,648,70,,,1,100,,649,70,,,1,100,,650,70,,,1,100,,651,70,,,1,100,,652,70,,,1,100,,653,70,,,1,100,,654,70,,,1,200,,655,70,,,1,200,,656,70,,,1
30000,'Fête-2-01',617,,778,160,,,0,197,,779,160,,,0,343,,780,160,,,0,398,,781,160,,,0,160,,782,160,,,0,97,,783,160,,,0,93,,784,160,,,0,452,,785,160,,,0
30000,'Semaine-01',617,,786,160,,,0,197,,787,160,,,0,343,,788,160,,,0,398,,789,160,,,0,160,,790,160,,,0,97,,791,160,,,0,93,,792,160,,,0,452,,793,160,,,0
40000,'Fête-1-01',754,,808,180,0,7,0,150,,809,180,0,7,0,101,,810,180,0,7,0,101,,811,180,0,7,0,100,,812,180,0,7,0,100,,813,180,0,7,0,99,,814,180,0,7,0,100,,815,180,0,7,0,100,,816,180,0,7,0,102,,817,180,0,7,0,100,,818,180,0,7,0,99,,819,180,0,7,0,100,,820,180,0,7,0,99,,821,180,0,7,0,100,,822,180,0,7,0,99,,823,180,0,7,0,100,,824,180,0,7,0,100,,825,180,0,7,0,100,,826,180,0,7,0
40000,'Fête-2-01',648,,842,180,0,10,0,83,,834,180,0,7,0,71,,866,180,0,10,0,24,,867,180,0,10,0,25,,828,180,0,6 7,0,60,,835,180,0,7,0,40,,836,180,0,7,0,60,,849,180,0,7,0,33,,829,180,0,6 7,0,60,,858,180,0,7,0,40,,840,180,0,6 7,0,67,,827,180,0,7,0,40,,830,180,0,6 7,0,60,,861,180,0,7,0,41,,831,180,0,6 7,0,59,,862,180,0,7,0,40,,832,180,0,7,0,63,,841,180,0,6 7,0,17,,863,180,0,7,0,70,,864,180,0,7,0,15,,865,180,0,7,0,15,,844,180,0,7,0,15,,845,180,0,7,0,10,,846,180,0,7,0,50,,847,180,0,7,0,29,,848,180,0,7,0,10,,850,180,0,7,0,59,,851,180,0,7,0,20,,852,180,0,7,0,19,,853,180,0,7,0,93,,854,180,0,7,0,65,,833,180,0,7,0,30,,855,180,0,7,0,70,,837,180,0,7,0,30,,856,180,0,7,0,70,,838,180,0,7,0,30,,857,180,0,7,0,70,,839,180,0,7,0,30,,859,180,0,7,0,125,,843,180,0,7,0,100,,860,180,0,7,0
40000,'Semaine-01',648,,883,180,0,10,0,83,,875,180,0,7,0,71,,907,180,0,10,0,24,,908,180,0,10,0,25,,869,180,0,6 7,0,60,,876,180,0,7,0,40,,877,180,0,7,0,60,,890,180,0,7,0,33,,870,180,0,6 7,0,60,,899,180,0,7,0,40,,881,180,0,6 7,0,67,,868,180,0,7,0,40,,871,180,0,6 7,0,60,,902,180,0,7,0,41,,872,180,0,6 7,0,59,,903,180,0,7,0,40,,873,180,0,7,0,63,,882,180,0,6 7,0,17,,904,180,0,7,0,70,,905,180,0,7,0,15,,906,180,0,7,0,15,,885,180,0,7,0,15,,886,180,0,7,0,10,,887,180,0,7,0,50,,888,180,0,7,0,29,,889,180,0,7,0,10,,891,180,0,7,0,59,,892,180,0,7,0,20,,893,180,0,7,0,19,,894,180,0,7,0,93,,895,180,0,7,0,65,,874,180,0,7,0,30,,896,180,0,7,0,70,,878,180,0,7,0,30,,897,180,0,7,0,70,,879,180,0,7,0,30,,898,180,0,7,0,70,,880,180,0,7,0,30,,900,180,0,7,0,125,,884,180,0,7,0,100,,901,180,0,7,0
40000,'Week-end-01',754,,909,180,0,7,0,150,,910,180,0,7,0,101,,911,180,0,7,0,101,,912,180,0,7,0,100,,913,180,0,7,0,100,,914,180,0,7,0,99,,915,180,0,7,0,100,,916,180,0,7,0,100,,917,180,0,7,0,102,,918,180,0,7,0,100,,919,180,0,7,0,99,,920,180,0,7,0,100,,921,180,0,7,0,99,,922,180,0,7,0,100,,923,180,0,7,0,99,,924,180,0,7,0,100,,925,180,0,7,0,100,,926,180,0,7,0,100,,927,180,0,7,0
