100,'Fête-1-01',926,,1,280,,,0,200,,2,280,,,0,200,,3,280,,,0,200,,4,280,,,0,200,,5,280,,,0,200,,6,280,,,0,200,,7,280,,,0,198,,8,280,,,0
100,'Fête-2-01',915,,11,280,,,0,100,,12,280,,,0,100,,13,280,,,0,121,,14,280,,,0,100,,15,280,,,0,100,,16,280,,,0,93,,22,280,,,0,100,,17,280,,,0,95,,18,280,,,0,106,,23,280,,,0,101,,24,280,,,0,195,,25,280,,,0,197,,26,280,,,0
100,'Semaine-01',915,,29,280,,,0,100,,30,280,,,0,100,,31,280,,,0,121,,32,280,,,0,100,,33,280,,,0,100,,34,280,,,0,93,,40,280,,,0,100,,35,280,,,0,95,,36,280,,,0,106,,41,280,,,0,101,,42,280,,,0,195,,43,280,,,0,197,,44,280,,,0
100,'Week-end-01',926,,45,280,,,0,200,,46,280,,,0,200,,47,280,,,0,200,,48,280,,,0,200,,49,280,,,0,200,,50,280,,,0,200,,51,280,,,0,198,,52,280,,,0
101,'Fête-1-01',836,,53,350,,,0,200,,54,350,,,0,197,,55,350,,,0,200,,56,350,,,0,200,,57,350,,,0,200,,58,350,,,0,202,,59,350,,,0,200,,60,350,,,0
101,'Fête-2-01',825,,71,410,,,0,102,,63,410,,,0,98,,64,410,,,0,100,,65,410,,,0,105,,66,410,,,0,102,,67,410,,,0,100,,68,410,,,0,101,,62,410,,,0
101,'Semaine-01',825,,88,410,,,0,102,,80,410,,,0,98,,81,410,,,0,100,,82,410,,,0,105,,83,410,,,0,102,,84,410,,,0,100,,85,410,,,0,101,,79,410,,,0
101,'Week-end-01',836,,95,350,,,0,200,,96,350,,,0,197,,97,350,,,0,200,,98,350,,,0,200,,99,350,,,0,200,,100,350,,,0,202,,101,350,,,0,200,,102,350,,,0
801,'Fête-1-01',845,,215,430,,,0,200,,216,430,,,0,196,,217,430,,,0,200,,218,430,,,0,200,,219,430,,,0,200,,220,430,,,0,202,,221,430,,,0,200,,222,430,,,0
801,'Fête-2-01',633,,237,310,,,0,189,,230,430,,,0,112,,231,430,,,0,100,,232,430,,,0,103,,233,430,,,0,103,,234,430,,,0,104,,235,430,,,0,101,,236,430,,,0,97,,223,430,,,0,103,,224,430,,,0,69,,225,440,,,0,28,,226,430,,,0,102,,227,430,,,0,194,,228,430,,,0,200,,229,430,,,0
801,'Semaine-01',633,,252,310,,,0,189,,245,430,,,0,112,,246,430,,,0,100,,247,430,,,0,103,,248,430,,,0,103,,249,430,,,0,104,,250,430,,,0,101,,251,430,,,0,97,,238,430,,,0,103,,239,430,,,0,69,,240,440,,,0,28,,241,430,,,0,102,,242,430,,,0,194,,243,430,,,0,200,,244,430,,,0
801,'Week-end-01',845,,253,430,,,0,200,,254,430,,,0,196,,255,430,,,0,200,,256,430,,,0,200,,257,430,,,0,200,,258,430,,,0,202,,259,430,,,0,200,,260,430,,,0
40001,'Fête-1-01',646,,928,310,,,0,109,,929,310,,,0,100,,930,310,,,0,100,,931,310,,,0,100,,932,310,,,0,100,,933,310,,,0,100,,934,310,,,0,98,,935,310,,,0,98,,936,310,,,0,100,,937,310,,,0,100,,938,310,,,0,100,,939,310,,,0,100,,940,310,,,0,101,,941,310,,,0,100,,942,310,,,0,100,,943,310,,,0,101,,944,310,,,0,101,,945,310,,,0,100,,946,310,,,0
40001,'Fête-2-01',441,,989,310,,,0,63,,990,310,,,0,30,,983,310,,,0,70,,985,310,,,0,10,,986,310,,,0,20,,966,310,,,0,20,,987,310,,,0,55,,988,310,,,0,30,,978,310,,,0,70,,979,310,,,0,10,,984,310,,,0,13,,958,40,,,0,17,,980,310,,,0,58,,959,40,,,0,42,,981,310,,,0,58,,960,40,,,0,19,,953,310,,,0,23,,982,310,,,0,58,,961,40,,,0,42,,967,310,,,0,58,,962,40,,,0,20,,947,310,,,0,22,,968,310,,,0,63,,948,40,,,0,42,,969,310,,,0,58,,949,40,,,0,42,,970,310,,,0,60,,955,310,,,0,18,,963,40,,,0,22,,971,310,,,0,58,,950,40,,,0,43,,991,310,,,0,66,,992,430,,,0,27,,964,430,,,0,71,,954,310,,,0,25,,965,430,,,0,72,,951,310,,,0,31,,972,310,,,0,70,,952,40,,,0,30,,973,310,,,0,70,,957,40,,,0,32,,974,310,,,0,68,,956,40,,,0,28,,975,310,,,0,100,,976,310,,,0,104,,977,310,,,0
40001,'Semaine-01',441,,1036,310,,,0,63,,1037,310,,,0,30,,1030,310,,,0,70,,1032,310,,,0,10,,1033,310,,,0,20,,1013,310,,,0,20,,1034,310,,,0,55,,1035,310,,,0,13,,1010,40,,,0,17,,1025,310,,,0,70,,1026,310,,,0,10,,1031,310,,,0,13,,1004,40,,,0,17,,1027,310,,,0,58,,1005,40,,,0,42,,1028,310,,,0,58,,1006,40,,,0,19,,999,310,,,0,23,,1029,310,,,0,58,,1007,40,,,0,42,,1014,310,,,0,58,,1008,40,,,0,20,,993,310,,,0,22,,1015,310,,,0,63,,994,40,,,0,42,,1016,310,,,0,58,,995,40,,,0,42,,1017,310,,,0,60,,1001,310,,,0,18,,1009,40,,,0,22,,1018,310,,,0,58,,996,40,,,0,43,,1038,310,,,0,66,,1039,430,,,0,27,,1011,430,,,0,71,,1000,310,,,0,25,,1012,430,,,0,72,,997,310,,,0,31,,1019,310,,,0,70,,998,40,,,0,30,,1020,310,,,0,70,,1003,40,,,0,32,,1021,310,,,0,68,,1002,40,,,0,28,,1022,310,,,0,100,,1023,310,,,0,104,,1024,310,,,0
40001,'Week-end-01',646,,1040,310,,,0,109,,1041,310,,,0,100,,1042,310,,,0,100,,1043,310,,,0,100,,1044,310,,,0,100,,1045,310,,,0,100,,1046,310,,,0,98,,1047,310,,,0,98,,1048,310,,,0,100,,1049,310,,,0,100,,1050,310,,,0,100,,1051,310,,,0,100,,1052,310,,,0,101,,1053,310,,,0,100,,1054,310,,,0,100,,1055,310,,,0,101,,1056,310,,,0,101,,1057,310,,,0,100,,1058,310,,,0
