800,'Fête-1-01',936,,165,410,,,0,201,,166,410,,,0,200,,167,410,,,0,200,,168,410,,,0,201,,169,410,,,0,197,,170,410,,,0,199,,171,410,,,0,198,,172,410,,,0
800,'Fête-2-01',659,,174,410,,,0,69,,173,240,,,0,78,,175,410,,,0,40,,189,410,,,0,75,,184,410,,,0,99,,185,410,,,0,100,,176,410,,,0,105,,177,410,,,0,100,,186,410,,,0,105,,187,410,,,0,105,,188,410,,,0,100,,178,410,,,0,95,,179,410,,,0,112,,180,410,,,0,92,,181,410,,,0,195,,182,410,,,0,197,,183,410,,,0
800,'Semaine-01',659,,191,410,,,0,69,,190,240,,,0,78,,192,410,,,0,40,,206,410,,,0,75,,201,410,,,0,99,,202,410,,,0,100,,193,410,,,0,105,,194,410,,,0,100,,203,410,,,0,105,,204,410,,,0,105,,205,410,,,0,100,,195,410,,,0,95,,196,410,,,0,112,,197,410,,,0,92,,198,410,,,0,195,,199,410,,,0,197,,200,410,,,0
800,'Week-end-01',936,,207,410,,,0,201,,208,410,,,0,200,,209,410,,,0,200,,210,410,,,0,201,,211,410,,,0,197,,212,410,,,0,199,,213,410,,,0,198,,214,410,,,0
30000,'Fête-2-01',642,,778,540,,,0,198,,779,540,,,0,383,,780,540,,,0,400,,781,540,,,0,120,,782,540,,,0,94,,783,540,,,0,92,,784,540,,,0,492,,785,540,,,0
30000,'Semaine-01',642,,786,540,,,0,198,,787,540,,,0,383,,788,540,,,0,400,,789,540,,,0,120,,790,540,,,0,94,,791,540,,,0,92,,792,540,,,0,492,,793,540,,,0
40000,'Fête-1-01',818,,808,560,0,7,0,110,,809,560,0,7,0,101,,810,560,0,7,0,101,,811,560,0,7,0,100,,812,560,0,7,0,101,,813,560,0,7,0,102,,814,560,0,7,0,100,,815,560,0,7,0,100,,816,560,0,7,0,101,,817,560,0,7,0,101,,818,560,0,7,0,98,,819,560,0,7,0,100,,820,560,0,7,0,97,,821,560,0,7,0,100,,822,560,0,7,0,99,,823,560,0,7,0,100,,824,560,0,7,0,100,,825,560,0,7,0,100,,826,560,0,7,0
40000,'Fête-2-01',715,,842,560,,,0,43,,834,560,0,7,0,72,,866,560,,,0,24,,867,560,,,0,84,,835,560,0,7,0,80,,836,560,0,7,0,20,,849,560,0,7,0,93,,858,560,0,7,0,107,,827,560,0,7,0,100,,861,560,0,7,0,100,,862,560,0,7,0,80,,832,560,0,7,0,40,,863,560,0,7,0,70,,864,560,0,7,0,15,,865,560,0,7,0,15,,844,560,0,7,0,55,,845,560,0,7,0,10,,846,560,0,7,0,10,,847,560,0,7,0,69,,848,560,0,7,0,10,,850,560,0,7,0,17,,851,560,0,7,0,20,,852,560,0,7,0,59,,853,560,0,7,0,93,,854,560,0,7,0,25,,833,560,0,7,0,30,,855,560,0,7,0,70,,837,560,0,7,0,30,,856,560,0,7,0,70,,838,560,0,7,0,30,,857,560,0,7,0,70,,839,560,0,7,0,30,,859,560,0,7,0,165,,843,560,0,7,0,100,,860,560,0,7,0
40000,'Semaine-01',715,,883,560,,,0,43,,875,560,0,7,0,72,,907,560,,,0,24,,908,560,,,0,84,,876,560,0,7,0,80,,877,560,0,7,0,20,,890,560,0,7,0,93,,899,560,0,7,0,107,,868,560,0,7,0,100,,902,560,0,7,0,100,,903,560,0,7,0,80,,873,560,0,7,0,40,,904,560,0,7,0,70,,905,560,0,7,0,15,,906,560,0,7,0,15,,885,560,0,7,0,55,,886,560,0,7,0,10,,887,560,0,7,0,10,,888,560,0,7,0,69,,889,560,0,7,0,10,,891,560,0,7,0,17,,892,560,0,7,0,20,,893,560,0,7,0,59,,894,560,0,7,0,93,,895,560,0,7,0,25,,874,560,0,7,0,30,,896,560,0,7,0,70,,878,560,0,7,0,30,,897,560,0,7,0,70,,879,560,0,7,0,30,,898,560,0,7,0,70,,880,560,0,7,0,30,,900,560,0,7,0,165,,884,560,0,7,0,100,,901,560,0,7,0
40000,'Week-end-01',818,,909,560,0,7,0,110,,910,560,0,7,0,101,,911,560,0,7,0,101,,912,560,0,7,0,100,,913,560,0,7,0,101,,914,560,0,7,0,102,,915,560,0,7,0,100,,916,560,0,7,0,100,,917,560,0,7,0,101,,918,560,0,7,0,101,,919,560,0,7,0,98,,920,560,0,7,0,100,,921,560,0,7,0,97,,922,560,0,7,0,100,,923,560,0,7,0,99,,924,560,0,7,0,100,,925,560,0,7,0,100,,926,560,0,7,0,100,,927,560,0,7,0
