201,'Fête-2-01',744,,123,320,,,0,157,,121,320,,,0,205,,126,190,,,0,207,,124,320,,,0,239,,127,190,,,0,249,,125,320,,,0,122,,122,320,,,0
201,'Semaine-01',744,,132,320,,,0,157,,130,320,,,0,205,,135,190,,,0,207,,133,320,,,0,239,,136,190,,,0,249,,134,320,,,0,122,,131,320,,,0
1401,'Fête-1-01',620,,550,220,,,0,200,,551,220,,,0,200,,552,220,,,0,198,,553,220,,,0,200,,554,220,,,0,196,,555,220,,,0,200,,556,220,,,0,206,,557,220,,,0,200,,558,220,,,0
1401,'Fête-2-01',612,,560,220,,,0,47,,567,220,,,0,144,,568,220,,,0,106,,569,220,,,0,100,,570,220,,,0,99,,571,220,,,0,99,,572,220,,,0,100,,573,220,,,0,100,,574,220,,,0,101,,561,220,,,0,100,,562,220,,,0,30,,559,220,,,0,73,,563,220,,,0,104,,564,220,,,0,195,,565,220,,,0,203,,566,220,,,0
1401,'Semaine-01',612,,577,220,,,0,47,,584,220,,,0,78,,576,220,,,0,66,,585,220,,,0,106,,586,220,,,0,100,,587,220,,,0,99,,588,220,,,0,99,,589,220,,,0,100,,590,220,,,0,100,,591,220,,,0,101,,578,220,,,0,100,,579,220,,,0,30,,575,220,,,0,73,,580,220,,,0,104,,581,220,,,0,195,,582,220,,,0,203,,583,220,,,0
1401,'Week-end-01',620,,592,220,,,0,200,,593,220,,,0,200,,594,220,,,0,198,,595,220,,,0,200,,596,220,,,0,196,,597,220,,,0,200,,598,220,,,0,206,,599,220,,,0,200,,600,220,,,0
10001,'Fête-2-01',437,,730,50,,,0,70,,726,320,,,0,48,,729,320,,,0,77,,727,320,,,0,71,,728,320,,,0
10001,'Semaine-01',437,,737,50,,,0,70,,732,320,,,0,48,,735,320,,,0,77,,733,320,,,0,71,,734,320,,,0
40001,'Fête-2-01',1644,,992,50,,,0,65,,964,50,,,0,109,,965,50,,,0
40001,'Semaine-01',1644,,1039,50,,,0,65,,1011,50,,,0,109,,1012,50,,,0
