'ASSO-A25-ASGTFS-Fête-2-01',10001,52200,4,'',0,3050,4,'',0,8800,4,'',0,7190,4,'',0,900,4,'',0,3100,4,'',0
'ASSO-A25-ASGTFS-Semaine-01',10001,52200,4,'',0,3050,4,'',0,8800,4,'',0,7190,4,'',0,900,4,'',0,3100,4,'',0,6510,4,'',0
'ASSO-A25-ASGTFS-Semaine-02',10001,52200,4,'',0,3050,4,'',0,8800,4,'',0,7190,4,'',0,900,4,'',0,3100,4,'',0,6510,4,'',0
'ASSO-A25-ASGTFS-Fête-2-01',30001,52620,4,'',0,2500,4,'',0,7700,4,'',0,7190,4,'',0,2000,4,'',0,3500,4,'',0,7000,4,'',0
'ASSO-A25-ASGTFS-Semaine-01',30001,52620,4,'',0,2500,4,'',0,7700,4,'',0,7190,4,'',0,2000,4,'',0,3500,4,'',0,7000,4,'',0
'ASSO-A25-ASGTFS-Semaine-02',30001,52620,4,'',0,2500,4,'',0,7700,4,'',0,7190,4,'',0,2000,4,'',0,3500,4,'',0,7000,4,'',0
'ASSO-A25-ASGTFS-Fête-1-02',40001,72610,4,'',0,9990,4,'',0,9950,4,'',0,10000,4,'',0,10000,4,'',0,10000,4,'',0,10000,4,'',0,9800,4,'',0,9990,4,'',0,10000,4,'',0,10000,4,'',0,10000,4,'',0,10100,4,'',0,10000,4,'',0,10000,4,'',0,10000,4,'',0,10160,4,'',0,10000,4,'',0,10000,4,'',0
'ASSO-A25-ASGTFS-Fête-2-01',40001,51250,4,'',0,2300,4,'',0,7000,4,'',0,3000,4,'',0,1000,4,'',0,6000,4,'',0,2090,4,'',0,1500,4,'',0,7000,4,'',0,3000,4,'',0,1000,4,'',0,5300,4,'',0,1700,4,'',0,1800,4,'',0,8300,4,'',0,1900,4,'',0,5900,4,'',0,2300,4,'',0,1800,4,'',0,8200,4,'',0,1800,4,'',0,6000,4,'',0,2200,4,'',0,2300,4,'',0,8200,4,'',0,1800,4,'',0,8200,4,'',0,2000,4,'',0,5800,4,'',0,2200,4,'',0,1800,4,'',0,8300,4,'',0,2600,4,'',0,6600,4,'',0,2910,4,'',0,6500,4,'',0,3150,4,'',0,7010,4,'',0,3000,4,'',0,7000,4,'',0,3000,4,'',0,7200,4,'',0,2800,4,'',0,6800,4,'',0,10000,4,'',0,10200,4,'',0
'ASSO-A25-ASGTFS-Semaine-01',40001,51250,4,'',0,2300,4,'',0,7000,4,'',0,3000,4,'',0,1000,4,'',0,6000,4,'',0,2090,4,'',0,1500,4,'',0,1300,4,'',0,5700,4,'',0,3000,4,'',0,1000,4,'',0,5300,4,'',0,1700,4,'',0,1800,4,'',0,8300,4,'',0,1900,4,'',0,5900,4,'',0,2300,4,'',0,1800,4,'',0,8200,4,'',0,1800,4,'',0,6000,4,'',0,2200,4,'',0,2300,4,'',0,8200,4,'',0,1800,4,'',0,8200,4,'',0,2000,4,'',0,5800,4,'',0,2200,4,'',0,1800,4,'',0,8300,4,'',0,2600,4,'',0,6600,4,'',0,2910,4,'',0,6500,4,'',0,3150,4,'',0,7010,4,'',0,3000,4,'',0,7000,4,'',0,3000,4,'',0,7200,4,'',0,2800,4,'',0,6800,4,'',0,10000,4,'',0,10200,4,'',0
'ASSO-A25-ASGTFS-Semaine-02',40001,51250,4,'',0,2300,4,'',0,7000,4,'',0,3000,4,'',0,1000,4,'',0,6000,4,'',0,2090,4,'',0,1500,4,'',0,1300,4,'',0,5700,4,'',0,3000,4,'',0,1000,4,'',0,5300,4,'',0,1700,4,'',0,1800,4,'',0,8300,4,'',0,1900,4,'',0,5900,4,'',0,2300,4,'',0,1800,4,'',0,8200,4,'',0,1800,4,'',0,6000,4,'',0,2200,4,'',0,2300,4,'',0,8200,4,'',0,1800,4,'',0,8200,4,'',0,2000,4,'',0,5800,4,'',0,2200,4,'',0,1800,4,'',0,8300,4,'',0,2600,4,'',0,6600,4,'',0,2910,4,'',0,6500,4,'',0,3150,4,'',0,7010,4,'',0,3000,4,'',0,7000,4,'',0,3000,4,'',0,7200,4,'',0,2800,4,'',0,6800,4,'',0,10000,4,'',0,10200,4,'',0
'ASSO-A25-ASGTFS-Week-end-01',40001,72610,4,'',0,9990,4,'',0,9950,4,'',0,10000,4,'',0,10000,4,'',0,10000,4,'',0,10000,4,'',0,9800,4,'',0,9990,4,'',0,10000,4,'',0,10000,4,'',0,10000,4,'',0,10100,4,'',0,10000,4,'',0,10000,4,'',0,10000,4,'',0,10160,4,'',0,10000,4,'',0,10000,4,'',0
