100,'Fête-2-01',735,,10,290,,,0,101,,20,530,,,0,20,,9,290,,,0,83,,11,580,,,0,100,,12,580,,,0,100,,13,580,,,0,161,,14,580,,,0,101,,15,580,,,0,100,,16,580,,,0,53,,22,580,,,0,101,,17,580,,,0,94,,18,580,,,0,106,,23,580,,,0,101,,24,580,,,0,195,,25,580,,,0,197,,26,580,,,0
100,'Semaine-01',735,,28,290,,,0,101,,38,530,,,0,20,,27,290,,,0,83,,29,580,,,0,100,,30,580,,,0,100,,31,580,,,0,161,,32,580,,,0,101,,33,580,,,0,100,,34,580,,,0,53,,40,580,,,0,101,,35,580,,,0,94,,36,580,,,0,106,,41,580,,,0,101,,42,580,,,0,195,,43,580,,,0,197,,44,580,,,0
200,'Fête-2-01',1026,,110,60,0,8,0,174,,104,60,0,11,0,308,,111,60,0,8,0,130,,105,60,0,11,0,179,,106,60,0,11,0
200,'Semaine-01',1026,,119,60,0,8,0,174,,113,60,0,11,0,308,,120,60,0,8,0,130,,114,60,0,11,0,179,,115,60,0,11,0
800,'Fête-1-01',942,,165,490,,,0,201,,166,490,,,0,200,,167,490,,,0,200,,168,490,,,0,201,,169,490,,,0,197,,170,490,,,0,199,,171,490,,,0,198,,172,490,,,0
800,'Fête-2-01',706,,174,490,,,0,31,,173,320,,,0,78,,175,490,,,0,39,,189,490,,,0,75,,184,490,,,0,99,,185,490,,,0,100,,176,490,,,0,105,,177,490,,,0,99,,186,490,,,0,105,,187,490,,,0,106,,188,490,,,0,101,,178,490,,,0,93,,179,490,,,0,111,,180,490,,,0,92,,181,490,,,0,195,,182,490,,,0,197,,183,490,,,0
800,'Semaine-01',706,,191,490,,,0,31,,190,320,,,0,78,,192,490,,,0,39,,206,490,,,0,75,,201,490,,,0,99,,202,490,,,0,100,,193,490,,,0,105,,194,490,,,0,99,,203,490,,,0,105,,204,490,,,0,106,,205,490,,,0,101,,195,490,,,0,93,,196,490,,,0,111,,197,490,,,0,92,,198,490,,,0,195,,199,490,,,0,197,,200,490,,,0
800,'Week-end-01',942,,207,490,,,0,201,,208,490,,,0,200,,209,490,,,0,200,,210,490,,,0,201,,211,490,,,0,197,,212,490,,,0,199,,213,490,,,0,198,,214,490,,,0
1100,'Fête-1-01',948,,381,450,,,0,200,,382,450,,,0,200,,383,450,,,0,200,,384,450,,,0,200,,385,450,,,0,200,,386,450,,,0,200,,387,450,,,0,198,,388,450,,,0
1100,'Fête-2-01',637,,407,450,,,0,101,,390,450,,,0,103,,398,450,,,0,77,,399,450,,,0,100,,400,450,,,0,112,,401,450,,,0,100,,402,450,,,0,88,,403,450,,,0,100,,404,450,,,0,100,,405,450,,,0,100,,391,450,,,0,112,,392,450,,,0,90,,406,450,,,0,104,,389,450,,,0,100,,393,450,,,0,93,,394,450,,,0,100,,395,450,,,0,100,,396,450,,,0,98,,397,450,,,0
1100,'Semaine-01',637,,430,450,,,0,101,,411,450,,,0,100,,410,310,,,0,3,,420,450,,,0,77,,421,450,,,0,100,,422,450,,,0,112,,423,450,,,0,100,,424,450,,,0,88,,425,450,,,0,100,,426,450,,,0,100,,427,450,,,0,100,,412,450,,,0,32,,409,450,,,0,80,,413,450,,,0,25,,414,450,,,0,65,,428,450,,,0,24,,429,450,,,0,80,,408,450,,,0,100,,415,450,,,0,93,,416,450,,,0,100,,417,450,,,0,100,,418,450,,,0,98,,419,450,,,0
1100,'Week-end-01',948,,431,450,,,0,200,,432,450,,,0,200,,433,450,,,0,200,,434,450,,,0,200,,435,450,,,0,200,,436,450,,,0,200,,437,450,,,0,198,,438,450,,,0
1400,'Fête-1-01',745,,496,470,,,0,200,,497,470,,,0,200,,498,470,,,0,200,,499,470,,,0,200,,500,470,,,0,200,,501,470,,,0,200,,502,470,,,0,200,,503,470,,,0,198,,504,470,,,0,186,,505,380,,,0
1400,'Fête-2-01',655,,522,470,,,0,73,,506,470,,,0,94,,513,470,,,0,104,,514,470,,,0,103,,515,470,,,0,111,,516,470,,,0,100,,517,470,,,0,101,,518,470,,,0,100,,519,470,,,0,103,,520,470,,,0,101,,507,470,,,0,107,,508,470,,,0,87,,509,470,,,0,102,,510,470,,,0,193,,511,470,,,0,196,,512,470,,,0,194,,521,470,,,0
1400,'Semaine-01',655,,539,470,,,0,73,,523,470,,,0,94,,530,470,,,0,104,,531,470,,,0,103,,532,470,,,0,111,,533,470,,,0,100,,534,470,,,0,101,,535,470,,,0,100,,536,470,,,0,103,,537,470,,,0,101,,524,470,,,0,107,,525,470,,,0,87,,526,470,,,0,102,,527,470,,,0,193,,528,470,,,0,196,,529,470,,,0,194,,538,470,,,0
1400,'Week-end-01',745,,540,470,,,0,200,,541,470,,,0,200,,542,470,,,0,200,,543,470,,,0,200,,544,470,,,0,200,,545,470,,,0,200,,546,470,,,0,200,,547,470,,,0,198,,548,470,,,0,186,,549,380,,,0
10000,'Fête-2-01',1649,,713,520,,,0,68,,714,520,,,0,25,,718,520,,,0,82,,716,520,,,0,15,,715,520,,,0,69,,717,520,,,0
10000,'Semaine-01',1649,,719,520,,,0,68,,720,520,,,0,25,,724,520,,,0,82,,722,520,,,0,15,,721,520,,,0,69,,723,520,,,0
40000,'Fête-2-01',723,,842,640,0,10,0,116,,866,640,0,10,0,64,,867,640,0,10,0
40000,'Semaine-01',723,,883,640,0,10,0,116,,907,640,0,10,0,64,,908,640,0,10,0
