900,'Fête-1-01',639,,261,540,,,0,118,,263,540,,,0,200,,264,540,,,0,200,,265,540,,,0,200,,266,540,,,0,200,,267,540,,,0,200,,268,540,,,0,200,,269,540,,,0,200,,270,540,,,0,198,,262,540,,,0
900,'Fête-2-01',529,,272,550,,,0,105,,283,550,,,0,74,,280,550,,,0,39,,284,550,,,0,95,,285,550,,,0,101,,273,550,,,0,100,,274,550,,,0,100,,286,550,,,0,110,,275,550,,,0,105,,287,550,,,0,96,,276,550,,,0,100,,271,550,,,0,156,,282,550,,,0,43,,281,550,,,0,101,,288,550,,,0,100,,277,550,,,0,98,,278,550,,,0,99,,289,550,,,0,100,,290,550,,,0,100,,279,550,,,0
900,'Semaine-01',529,,292,550,,,0,105,,303,550,,,0,74,,300,550,,,0,39,,304,550,,,0,95,,305,550,,,0,101,,293,550,,,0,100,,294,550,,,0,100,,306,550,,,0,110,,295,550,,,0,105,,307,550,,,0,96,,296,550,,,0,100,,291,550,,,0,156,,302,550,,,0,43,,301,550,,,0,101,,308,550,,,0,100,,297,550,,,0,98,,298,550,,,0,99,,309,550,,,0,100,,310,550,,,0,100,,299,550,,,0
900,'Week-end-01',639,,311,540,,,0,118,,313,540,,,0,200,,314,540,,,0,200,,315,540,,,0,200,,316,540,,,0,200,,317,540,,,0,200,,318,540,,,0,200,,319,540,,,0,200,,320,540,,,0,198,,312,540,,,0
1101,'Fête-1-01',839,,439,540,,,0,198,,440,540,,,0,200,,441,540,,,0,200,,442,540,,,0,200,,443,540,,,0,200,,444,540,,,0,200,,445,540,,,0,200,,446,540,,,0
1101,'Fête-2-01',531,,465,400,,,0,72,,466,400,,,0,45,,447,400,,,0,66,,464,400,,,0,86,,448,540,,,0,133,,456,540,,,0,100,,457,540,,,0,99,,458,540,,,0,100,,459,540,,,0,100,,460,540,,,0,100,,461,540,,,0,102,,462,540,,,0,100,,463,540,,,0,115,,449,540,,,0,100,,450,540,,,0,83,,451,540,,,0,98,,452,540,,,0,101,,453,540,,,0,100,,454,540,,,0,100,,455,540,,,0
1101,'Semaine-01',531,,485,400,,,0,72,,487,400,,,0,45,,467,400,,,0,66,,484,400,,,0,86,,468,540,,,0,133,,476,540,,,0,100,,477,540,,,0,99,,478,540,,,0,100,,479,540,,,0,100,,480,540,,,0,100,,481,540,,,0,102,,482,540,,,0,100,,483,540,,,0,81,,486,540,,,0,34,,469,540,,,0,100,,470,540,,,0,83,,471,540,,,0,98,,472,540,,,0,101,,473,540,,,0,100,,474,540,,,0,100,,475,540,,,0
1101,'Week-end-01',839,,488,540,,,0,198,,489,540,,,0,200,,490,540,,,0,200,,491,540,,,0,200,,492,540,,,0,200,,493,540,,,0,200,,494,540,,,0,200,,495,540,,,0
1500,'Fête-1-01',919,,601,240,,,1,100,,602,240,,,1,100,,603,240,,,1,100,,604,240,,,1,101,,605,240,,,1,100,,606,240,,,1,100,,607,240,,,1,100,,608,240,,,1,100,,609,240,,,1,100,,610,240,,,1,100,,611,240,,,1,198,,612,240,,,1,200,,613,240,,,1
1500,'Fête-2-01',717,,614,240,,,1,91,,621,240,,,1,99,,622,240,,,1,100,,623,240,,,1,100,,624,240,,,1,108,,625,240,,,1,96,,626,240,,,1,100,,627,240,,,1,100,,628,240,,,1,107,,615,240,,,1,104,,616,240,,,1,97,,617,240,,,1,102,,618,240,,,1,194,,619,240,,,1,201,,620,240,,,1
1500,'Semaine-01',717,,629,240,,,1,91,,636,240,,,1,99,,637,240,,,1,100,,638,240,,,1,100,,639,240,,,1,108,,640,240,,,1,96,,641,240,,,1,100,,642,240,,,1,100,,643,240,,,1,107,,630,240,,,1,104,,631,240,,,1,97,,632,240,,,1,102,,633,240,,,1,194,,634,240,,,1,201,,635,240,,,1
1500,'Week-end-01',919,,644,240,,,1,100,,645,240,,,1,100,,646,240,,,1,100,,647,240,,,1,101,,648,240,,,1,100,,649,240,,,1,100,,650,240,,,1,100,,651,240,,,1,100,,652,240,,,1,100,,653,240,,,1,100,,654,240,,,1,198,,655,240,,,1,200,,656,240,,,1
1501,'Fête-1-01',842,,657,280,,,1,100,,658,280,,,1,100,,659,280,,,1,100,,660,280,,,1,100,,661,280,,,1,100,,662,280,,,1,98,,663,280,,,1,100,,664,280,,,1,100,,665,280,,,1,100,,666,280,,,1,100,,667,280,,,1,202,,668,280,,,1,200,,669,280,,,1
1501,'Fête-2-01',641,,670,280,,,1,95,,677,280,,,1,97,,678,280,,,1,98,,679,280,,,1,100,,680,280,,,1,105,,681,280,,,1,101,,682,280,,,1,100,,683,280,,,1,100,,684,280,,,1,99,,671,280,,,1,101,,672,280,,,1,106,,673,280,,,1,91,,674,280,,,1,205,,675,280,,,1,198,,676,280,,,1
1501,'Semaine-01',641,,685,280,,,1,95,,692,280,,,1,97,,693,280,,,1,98,,694,280,,,1,100,,695,280,,,1,105,,696,280,,,1,101,,697,280,,,1,100,,698,280,,,1,100,,699,280,,,1,99,,686,280,,,1,101,,687,280,,,1,106,,688,280,,,1,91,,689,280,,,1,205,,690,280,,,1,198,,691,280,,,1
1501,'Week-end-01',842,,700,280,,,1,100,,701,280,,,1,100,,702,280,,,1,100,,703,280,,,1,100,,704,280,,,1,100,,705,280,,,1,98,,706,280,,,1,100,,707,280,,,1,100,,708,280,,,1,100,,709,280,,,1,100,,710,280,,,1,202,,711,280,,,1,200,,712,280,,,1
30000,'Fête-2-01',627,,778,300,,,0,198,,779,300,,,0,383,,780,300,,,0,398,,781,300,,,0,120,,782,300,,,0,95,,783,300,,,0,93,,784,300,,,0,492,,785,300,,,0
30000,'Semaine-01',627,,786,300,,,0,198,,787,300,,,0,383,,788,300,,,0,398,,789,300,,,0,120,,790,300,,,0,95,,791,300,,,0,93,,792,300,,,0,492,,793,300,,,0
30001,'Fête-2-01',449,,800,270,,,0,65,,794,270,,,0,35,,795,270,,,0,70,,798,270,,,0,20,,796,270,,,0,75,,799,270,,,0,30,,797,270,,,0
30001,'Semaine-01',449,,807,270,,,0,65,,801,270,,,0,35,,802,270,,,0,70,,805,270,,,0,20,,803,270,,,0,75,,806,270,,,0,30,,804,270,,,0
40000,'Fête-1-01',802,,808,320,0,7,0,110,,809,320,0,7,0,101,,810,320,0,7,0,101,,811,320,0,7,0,100,,812,320,0,7,0,100,,813,320,0,7,0,100,,814,320,0,7,0,100,,815,320,0,7,0,100,,816,320,0,7,0,102,,817,320,0,7,0,100,,818,320,0,7,0,99,,819,320,0,7,0,100,,820,320,0,7,0,98,,821,320,0,7,0,100,,822,320,0,7,0,99,,823,320,0,7,0,100,,824,320,0,7,0,100,,825,320,0,7,0,100,,826,320,0,7,0
40000,'Fête-2-01',657,,842,320,0,10,0,83,,834,320,0,7,0,71,,866,320,0,10,0,24,,867,320,0,10,0,65,,828,320,0,6 7,0,20,,835,320,0,7,0,80,,836,320,0,7,0,20,,849,320,0,7,0,33,,829,320,0,6 7,0,60,,858,320,0,7,0,40,,840,320,0,6 7,0,67,,827,320,0,7,0,80,,830,320,0,6 7,0,20,,861,320,0,7,0,81,,831,320,0,6 7,0,19,,862,320,0,7,0,80,,832,320,0,7,0,23,,841,320,0,6 7,0,17,,863,320,0,7,0,70,,864,320,0,7,0,15,,865,320,0,7,0,15,,844,320,0,7,0,15,,845,320,0,7,0,50,,846,320,0,7,0,10,,847,320,0,7,0,29,,848,320,0,7,0,10,,850,320,0,7,0,59,,851,320,0,7,0,20,,852,320,0,7,0,19,,853,320,0,7,0,93,,854,320,0,7,0,65,,833,320,0,7,0,30,,855,320,0,7,0,70,,837,320,0,7,0,30,,856,320,0,7,0,70,,838,320,0,7,0,30,,857,320,0,7,0,70,,839,320,0,7,0,30,,859,320,0,7,0,165,,843,320,0,7,0,100,,860,320,0,7,0
40000,'Semaine-01',657,,883,320,0,10,0,83,,875,320,0,7,0,71,,907,320,0,10,0,24,,908,320,0,10,0,65,,869,320,0,6 7,0,20,,876,320,0,7,0,80,,877,320,0,7,0,20,,890,320,0,7,0,33,,870,320,0,6 7,0,60,,899,320,0,7,0,40,,881,320,0,6 7,0,67,,868,320,0,7,0,80,,871,320,0,6 7,0,20,,902,320,0,7,0,81,,872,320,0,6 7,0,19,,903,320,0,7,0,80,,873,320,0,7,0,23,,882,320,0,6 7,0,17,,904,320,0,7,0,70,,905,320,0,7,0,15,,906,320,0,7,0,15,,885,320,0,7,0,15,,886,320,0,7,0,50,,887,320,0,7,0,10,,888,320,0,7,0,29,,889,320,0,7,0,10,,891,320,0,7,0,59,,892,320,0,7,0,20,,893,320,0,7,0,19,,894,320,0,7,0,93,,895,320,0,7,0,65,,874,320,0,7,0,30,,896,320,0,7,0,70,,878,320,0,7,0,30,,897,320,0,7,0,70,,879,320,0,7,0,30,,898,320,0,7,0,70,,880,320,0,7,0,30,,900,320,0,7,0,165,,884,320,0,7,0,100,,901,320,0,7,0
40000,'Week-end-01',802,,909,320,0,7,0,110,,910,320,0,7,0,101,,911,320,0,7,0,101,,912,320,0,7,0,100,,913,320,0,7,0,100,,914,320,0,7,0,100,,915,320,0,7,0,100,,916,320,0,7,0,100,,917,320,0,7,0,102,,918,320,0,7,0,100,,919,320,0,7,0,99,,920,320,0,7,0,100,,921,320,0,7,0,98,,922,320,0,7,0,100,,923,320,0,7,0,99,,924,320,0,7,0,100,,925,320,0,7,0,100,,926,320,0,7,0,100,,927,320,0,7,0
40001,'Fête-1-01',641,,928,270,,,0,109,,929,270,,,0,99,,930,270,,,0,100,,931,270,,,0,100,,932,270,,,0,100,,933,270,,,0,100,,934,270,,,0,98,,935,270,,,0,98,,936,270,,,0,101,,937,270,,,0,100,,938,270,,,0,100,,939,270,,,0,100,,940,270,,,0,101,,941,270,,,0,100,,942,270,,,0,100,,943,270,,,0,101,,944,270,,,0,101,,945,270,,,0,100,,946,270,,,0
40001,'Fête-2-01',435,,989,270,,,0,23,,990,270,,,0,70,,983,270,,,0,30,,985,270,,,0,50,,986,270,,,0,20,,966,270,,,0,20,,987,270,,,0,55,,988,270,,,0,30,,978,270,,,0,70,,979,270,,,0,10,,984,270,,,0,30,,980,270,,,0,101,,981,270,,,0,77,,953,270,,,0,23,,982,270,,,0,100,,967,270,,,0,78,,947,270,,,0,22,,968,270,,,0,105,,969,270,,,0,99,,970,270,,,0,60,,955,270,,,0,40,,971,270,,,0,101,,991,270,,,0,66,,992,390,,,0,28,,964,390,,,0,71,,954,270,,,0,25,,965,390,,,0,72,,951,270,,,0,31,,972,270,,,0,100,,973,270,,,0,102,,974,270,,,0,96,,975,270,,,0,100,,976,270,,,0,104,,977,270,,,0
40001,'Semaine-01',435,,1036,270,,,0,23,,1037,270,,,0,70,,1030,270,,,0,30,,1032,270,,,0,50,,1033,270,,,0,20,,1013,270,,,0,20,,1034,270,,,0,55,,1035,270,,,0,30,,1025,270,,,0,70,,1026,270,,,0,10,,1031,270,,,0,30,,1027,270,,,0,101,,1028,270,,,0,77,,999,270,,,0,23,,1029,270,,,0,100,,1014,270,,,0,78,,993,270,,,0,22,,1015,270,,,0,105,,1016,270,,,0,99,,1017,270,,,0,60,,1001,270,,,0,40,,1018,270,,,0,101,,1038,270,,,0,66,,1039,390,,,0,28,,1011,390,,,0,71,,1000,270,,,0,25,,1012,390,,,0,72,,997,270,,,0,31,,1019,270,,,0,100,,1020,270,,,0,102,,1021,270,,,0,96,,1022,270,,,0,100,,1023,270,,,0,104,,1024,270,,,0
40001,'Week-end-01',641,,1040,270,,,0,109,,1041,270,,,0,99,,1042,270,,,0,100,,1043,270,,,0,100,,1044,270,,,0,100,,1045,270,,,0,100,,1046,270,,,0,98,,1047,270,,,0,98,,1048,270,,,0,101,,1049,270,,,0,100,,1050,270,,,0,100,,1051,270,,,0,100,,1052,270,,,0,101,,1053,270,,,0,100,,1054,270,,,0,100,,1055,270,,,0,101,,1056,270,,,0,101,,1057,270,,,0,100,,1058,270,,,0
