1400,'Fête-1-01',806,,496,820,4,,0,200,,497,820,4,,0,200,,498,820,4,,0,200,,499,820,4,,0,200,,500,820,4,,0,200,,501,820,4,,0,200,,502,820,4,,0,200,,503,820,4,,0,198,,504,820,4,,0,148,,505,730,4,,0
1400,'Fête-2-01',720,,522,820,4,,0,33,,506,820,4,,0,95,,513,820,4,,0,103,,514,820,4,,0,103,,515,820,4,,0,151,,516,820,4,,0,100,,517,820,4,,0,101,,518,820,4,,0,100,,519,820,4,,0,106,,520,820,4,,0,101,,507,820,4,,0,104,,508,820,4,,0,85,,509,820,4,,0,102,,510,820,4,,0,153,,511,820,4,,0,196,,512,820,4,,0,194,,521,820,4,,0
1400,'Semaine-01',720,,539,820,4,,0,33,,523,820,4,,0,95,,530,820,4,,0,103,,531,820,4,,0,103,,532,820,4,,0,151,,533,820,4,,0,100,,534,820,4,,0,101,,535,820,4,,0,100,,536,820,4,,0,106,,537,820,4,,0,101,,524,820,4,,0,104,,525,820,4,,0,85,,526,820,4,,0,102,,527,820,4,,0,153,,528,820,4,,0,196,,529,820,4,,0,194,,538,820,4,,0
1400,'Week-end-01',806,,540,820,4,,0,200,,541,820,4,,0,200,,542,820,4,,0,200,,543,820,4,,0,200,,544,820,4,,0,200,,545,820,4,,0,200,,546,820,4,,0,200,,547,820,4,,0,198,,548,820,4,,0,148,,549,730,4,,0
1401,'Fête-1-01',606,,550,10,,,0,200,,551,10,,,0,200,,552,10,,,0,198,,553,10,,,0,200,,554,10,,,0,196,,555,10,,,0,200,,556,10,,,0,206,,557,10,,,0,200,,558,10,,,0
1401,'Fête-2-01',601,,560,10,,,0,46,,567,10,,,0,103,,568,10,,,0,106,,569,10,,,0,100,,570,10,,,0,100,,571,10,,,0,99,,572,10,,,0,100,,573,10,,,0,100,,574,10,,,0,101,,561,10,,,0,99,,562,10,,,0,70,,559,10,,,0,33,,563,10,,,0,146,,564,10,,,0,155,,565,10,,,0,243,,566,10,,,0
1401,'Semaine-01',601,,577,10,,,0,46,,584,10,,,0,78,,576,10,,,0,25,,585,10,,,0,106,,586,10,,,0,100,,587,10,,,0,100,,588,10,,,0,99,,589,10,,,0,100,,590,10,,,0,100,,591,10,,,0,101,,578,10,,,0,99,,579,10,,,0,70,,575,10,,,0,33,,580,10,,,0,146,,581,10,,,0,155,,582,10,,,0,243,,583,10,,,0
1401,'Week-end-01',606,,592,10,,,0,200,,593,10,,,0,200,,594,10,,,0,198,,595,10,,,0,200,,596,10,,,0,196,,597,10,,,0,200,,598,10,,,0,206,,599,10,,,0,200,,600,10,,,0
10000,'Fête-2-01',1713,,713,870,,,0,28,,714,870,,,0,65,,718,870,,,0,41,,716,870,,,0,55,,715,870,,,0
10000,'Semaine-01',1713,,719,870,,,0,28,,720,870,,,0,65,,724,870,,,0,41,,722,870,,,0,55,,721,870,,,0
10001,'Fête-2-01',455,,726,110,,,0,88,,729,110,,,0,77,,727,110,,,0,31,,728,110,,,0
10001,'Semaine-01',455,,732,110,,,0,88,,735,110,,,0,77,,733,110,,,0,31,,734,110,,,0
