101,'Fête-2-01',608,,76,40,,,0,51,,77,40,,,0,97,,71,40,,,0,102,,63,40,,,0,98,,64,40,,,0,100,,65,40,,,0,145,,66,40,,,0,102,,67,40,,,0,100,,68,40,,,0,100,,62,40,,,0,99,,72,40,,,0,40,,61,40,,,0,71,,74,40,,,0,100,,75,40,,,0,196,,69,40,,,0,197,,70,40,,,0
101,'Semaine-01',608,,93,40,,,0,51,,94,40,,,0,97,,88,40,,,0,102,,80,40,,,0,98,,81,40,,,0,100,,82,40,,,0,145,,83,40,,,0,102,,84,40,,,0,100,,85,40,,,0,100,,79,40,,,0,99,,89,40,,,0,40,,78,40,,,0,71,,91,40,,,0,100,,92,40,,,0,196,,86,40,,,0,197,,87,40,,,0
801,'Fête-1-01',819,,215,40,,,0,200,,216,40,,,0,196,,217,40,,,0,200,,218,40,,,0,200,,219,40,,,0,200,,220,40,,,0,202,,221,40,,,0,200,,222,40,,,0
801,'Fête-2-01',754,,230,40,,,0,152,,231,40,,,0,100,,232,40,,,0,103,,233,40,,,0,103,,234,40,,,0,104,,235,40,,,0,101,,236,40,,,0,95,,223,40,,,0,104,,224,40,,,0,29,,225,50,,,0,68,,226,40,,,0,103,,227,40,,,0,195,,228,40,,,0,201,,229,40,,,0
801,'Semaine-01',754,,245,40,,,0,152,,246,40,,,0,100,,247,40,,,0,103,,248,40,,,0,103,,249,40,,,0,104,,250,40,,,0,101,,251,40,,,0,95,,238,40,,,0,104,,239,40,,,0,29,,240,50,,,0,68,,241,40,,,0,103,,242,40,,,0,195,,243,40,,,0,201,,244,40,,,0
801,'Week-end-01',819,,253,40,,,0,200,,254,40,,,0,196,,255,40,,,0,200,,256,40,,,0,200,,257,40,,,0,200,,258,40,,,0,202,,259,40,,,0,200,,260,40,,,0
1101,'Fête-1-01',808,,439,40,,,0,198,,440,40,,,0,200,,441,40,,,0,200,,442,40,,,0,200,,443,40,,,0,200,,444,40,,,0,200,,445,40,,,0,200,,446,40,,,0
1101,'Fête-2-01',726,,448,40,,,0,133,,456,40,,,0,100,,457,40,,,0,100,,458,40,,,0,100,,459,40,,,0,100,,460,40,,,0,100,,461,40,,,0,100,,462,40,,,0,100,,463,40,,,0,157,,449,40,,,0,100,,450,40,,,0,85,,451,40,,,0,58,,452,40,,,0,100,,453,40,,,0,100,,454,40,,,0,100,,455,40,,,0
1101,'Semaine-01',726,,468,40,,,0,133,,476,40,,,0,100,,477,40,,,0,100,,478,40,,,0,100,,479,40,,,0,100,,480,40,,,0,100,,481,40,,,0,100,,482,40,,,0,100,,483,40,,,0,82,,486,40,,,0,75,,469,40,,,0,100,,470,40,,,0,85,,471,40,,,0,58,,472,40,,,0,100,,473,40,,,0,100,,474,40,,,0,100,,475,40,,,0
1101,'Week-end-01',808,,488,40,,,0,198,,489,40,,,0,200,,490,40,,,0,200,,491,40,,,0,200,,492,40,,,0,200,,493,40,,,0,200,,494,40,,,0,200,,495,40,,,0
