101,'Fête-2-01',610,,76,70,,,0,91,,77,70,,,0,57,,71,70,,,0,142,,63,70,,,0,58,,64,70,,,0,100,,65,70,,,0,145,,66,70,,,0,102,,67,70,,,0,100,,68,70,,,0,100,,62,70,,,0,99,,72,70,,,0,40,,61,70,,,0,71,,74,70,,,0,100,,75,70,,,0,196,,69,70,,,0,197,,70,70,,,0
101,'Semaine-01',610,,93,70,,,0,91,,94,70,,,0,57,,88,70,,,0,142,,80,70,,,0,58,,81,70,,,0,100,,82,70,,,0,145,,83,70,,,0,102,,84,70,,,0,100,,85,70,,,0,100,,79,70,,,0,99,,89,70,,,0,40,,78,70,,,0,71,,91,70,,,0,100,,92,70,,,0,196,,86,70,,,0,197,,87,70,,,0
801,'Fête-1-01',821,,215,70,,,0,200,,216,70,,,0,196,,217,70,,,0,200,,218,70,,,0,200,,219,70,,,0,200,,220,70,,,0,202,,221,70,,,0,200,,222,70,,,0
801,'Fête-2-01',756,,230,70,,,0,152,,231,70,,,0,100,,232,70,,,0,103,,233,70,,,0,103,,234,70,,,0,104,,235,70,,,0,101,,236,70,,,0,95,,223,70,,,0,104,,224,70,,,0,29,,225,80,,,0,68,,226,70,,,0,103,,227,70,,,0,195,,228,70,,,0,201,,229,70,,,0
801,'Semaine-01',756,,245,70,,,0,152,,246,70,,,0,100,,247,70,,,0,103,,248,70,,,0,103,,249,70,,,0,104,,250,70,,,0,101,,251,70,,,0,95,,238,70,,,0,104,,239,70,,,0,29,,240,80,,,0,68,,241,70,,,0,103,,242,70,,,0,195,,243,70,,,0,201,,244,70,,,0
801,'Week-end-01',821,,253,70,,,0,200,,254,70,,,0,196,,255,70,,,0,200,,256,70,,,0,200,,257,70,,,0,200,,258,70,,,0,202,,259,70,,,0,200,,260,70,,,0
1101,'Fête-1-01',810,,439,70,,,0,198,,440,70,,,0,200,,441,70,,,0,200,,442,70,,,0,200,,443,70,,,0,200,,444,70,,,0,200,,445,70,,,0,200,,446,70,,,0
1101,'Fête-2-01',729,,448,70,,,0,173,,456,70,,,0,100,,457,70,,,0,99,,458,70,,,0,100,,459,70,,,0,100,,460,70,,,0,101,,461,70,,,0,100,,462,70,,,0,100,,463,70,,,0,116,,449,70,,,0,100,,450,70,,,0,85,,451,70,,,0,98,,452,70,,,0,101,,453,70,,,0,100,,454,70,,,0,100,,455,70,,,0
1101,'Semaine-01',729,,468,70,,,0,173,,476,70,,,0,100,,477,70,,,0,99,,478,70,,,0,100,,479,70,,,0,100,,480,70,,,0,101,,481,70,,,0,100,,482,70,,,0,100,,483,70,,,0,41,,486,70,,,0,75,,469,70,,,0,100,,470,70,,,0,85,,471,70,,,0,98,,472,70,,,0,101,,473,70,,,0,100,,474,70,,,0,100,,475,70,,,0
1101,'Week-end-01',810,,488,70,,,0,198,,489,70,,,0,200,,490,70,,,0,200,,491,70,,,0,200,,492,70,,,0,200,,493,70,,,0,200,,494,70,,,0,200,,495,70,,,0
