201,'Fête-2-01',744,,123,310,,,0,156,,121,310,,,0,205,,126,180,,,0,207,,124,310,,,0,239,,127,180,,,0,249,,125,310,,,0,123,,122,310,,,0
201,'Semaine-01',744,,132,310,,,0,156,,130,310,,,0,205,,135,180,,,0,207,,133,310,,,0,239,,136,180,,,0,249,,134,310,,,0,123,,131,310,,,0
601,'Fête-2-01',1703,,157,40,0,9,0,55,,158,40,0,9,0,80,,159,40,0,7,0,93,,160,40,0,7,0
601,'Semaine-01',1703,,161,40,0,9,0,55,,162,40,0,9,0,80,,163,40,0,7,0,93,,164,40,0,7,0
1401,'Fête-1-01',620,,550,210,,,0,200,,551,210,,,0,200,,552,210,,,0,198,,553,210,,,0,200,,554,210,,,0,196,,555,210,,,0,200,,556,210,,,0,206,,557,210,,,0,200,,558,210,,,0
1401,'Fête-2-01',612,,560,210,,,0,47,,567,210,,,0,144,,568,210,,,0,106,,569,210,,,0,100,,570,210,,,0,99,,571,210,,,0,99,,572,210,,,0,100,,573,210,,,0,100,,574,210,,,0,101,,561,210,,,0,100,,562,210,,,0,30,,559,210,,,0,73,,563,210,,,0,104,,564,210,,,0,195,,565,210,,,0,203,,566,210,,,0
1401,'Semaine-01',612,,577,210,,,0,47,,584,210,,,0,78,,576,210,,,0,66,,585,210,,,0,106,,586,210,,,0,100,,587,210,,,0,99,,588,210,,,0,99,,589,210,,,0,100,,590,210,,,0,100,,591,210,,,0,101,,578,210,,,0,100,,579,210,,,0,30,,575,210,,,0,73,,580,210,,,0,104,,581,210,,,0,195,,582,210,,,0,203,,583,210,,,0
1401,'Week-end-01',620,,592,210,,,0,200,,593,210,,,0,200,,594,210,,,0,198,,595,210,,,0,200,,596,210,,,0,196,,597,210,,,0,200,,598,210,,,0,206,,599,210,,,0,200,,600,210,,,0
10001,'Fête-2-01',437,,730,40,,,0,70,,726,310,,,0,48,,729,310,,,0,77,,727,310,,,0,71,,728,310,,,0
10001,'Semaine-01',437,,737,40,,,0,70,,732,310,,,0,48,,735,310,,,0,77,,733,310,,,0,71,,734,310,,,0
40001,'Fête-2-01',1643,,992,40,,,0,65,,964,40,,,0,109,,965,40,,,0
40001,'Semaine-01',1643,,1039,40,,,0,65,,1011,40,,,0,109,,1012,40,,,0
