201,'Fête-2-01',744,,123,330,,,0,157,,121,330,,,0,205,,126,200,,,0,207,,124,330,,,0,239,,127,200,,,0,249,,125,330,,,0,122,,122,330,,,0
201,'Semaine-01',744,,132,330,,,0,157,,130,330,,,0,205,,135,200,,,0,207,,133,330,,,0,239,,136,200,,,0,249,,134,330,,,0,122,,131,330,,,0
1401,'Fête-1-01',621,,550,230,,,0,200,,551,230,,,0,200,,552,230,,,0,198,,553,230,,,0,200,,554,230,,,0,196,,555,230,,,0,200,,556,230,,,0,206,,557,230,,,0,200,,558,230,,,0
1401,'Fête-2-01',613,,560,230,,,0,87,,567,230,,,0,104,,568,230,,,0,106,,569,230,,,0,100,,570,230,,,0,99,,571,230,,,0,99,,572,230,,,0,100,,573,230,,,0,100,,574,230,,,0,101,,561,230,,,0,100,,562,230,,,0,30,,559,230,,,0,73,,563,230,,,0,104,,564,230,,,0,195,,565,230,,,0,203,,566,230,,,0
1401,'Semaine-01',613,,577,230,,,0,87,,584,230,,,0,38,,576,230,,,0,66,,585,230,,,0,106,,586,230,,,0,100,,587,230,,,0,99,,588,230,,,0,99,,589,230,,,0,100,,590,230,,,0,100,,591,230,,,0,101,,578,230,,,0,100,,579,230,,,0,30,,575,230,,,0,73,,580,230,,,0,104,,581,230,,,0,195,,582,230,,,0,203,,583,230,,,0
1401,'Week-end-01',621,,592,230,,,0,200,,593,230,,,0,200,,594,230,,,0,198,,595,230,,,0,200,,596,230,,,0,196,,597,230,,,0,200,,598,230,,,0,206,,599,230,,,0,200,,600,230,,,0
10001,'Fête-2-01',438,,730,60,,,0,70,,726,330,,,0,48,,729,330,,,0,77,,727,330,,,0,71,,728,330,,,0
10001,'Semaine-01',438,,737,60,,,0,70,,732,330,,,0,48,,735,330,,,0,77,,733,330,,,0,71,,734,330,,,0
40001,'Fête-2-01',1644,,992,60,,,0,65,,964,60,,,0,109,,965,60,,,0
40001,'Semaine-01',1644,,1039,60,,,0,65,,1011,60,,,0,109,,1012,60,,,0
