1101,'Fête-1-01',815,,439,140,,,0,198,,440,140,,,0,200,,441,140,,,0,200,,442,140,,,0,200,,443,140,,,0,200,,444,140,,,0,200,,445,140,,,0,200,,446,140,,,0
1101,'Fête-2-01',734,,448,140,,,0,173,,456,140,,,0,100,,457,140,,,0,99,,458,140,,,0,100,,459,140,,,0,100,,460,140,,,0,101,,461,140,,,0,100,,462,140,,,0,100,,463,140,,,0,117,,449,140,,,0,100,,450,140,,,0,84,,451,140,,,0,98,,452,140,,,0,101,,453,140,,,0,100,,454,140,,,0,100,,455,140,,,0
1101,'Semaine-01',734,,468,140,,,0,173,,476,140,,,0,100,,477,140,,,0,99,,478,140,,,0,100,,479,140,,,0,100,,480,140,,,0,101,,481,140,,,0,100,,482,140,,,0,100,,483,140,,,0,42,,486,140,,,0,75,,469,140,,,0,100,,470,140,,,0,84,,471,140,,,0,98,,472,140,,,0,101,,473,140,,,0,100,,474,140,,,0,100,,475,140,,,0
1101,'Week-end-01',815,,488,140,,,0,198,,489,140,,,0,200,,490,140,,,0,200,,491,140,,,0,200,,492,140,,,0,200,,493,140,,,0,200,,494,140,,,0,200,,495,140,,,0
1401,'Fête-1-01',628,,550,310,,,0,200,,551,310,,,0,200,,552,310,,,0,198,,553,310,,,0,200,,554,310,,,0,196,,555,310,,,0,200,,556,310,,,0,206,,557,310,,,0,200,,558,310,,,0
1401,'Fête-2-01',619,,560,310,,,0,87,,567,310,,,0,104,,568,310,,,0,106,,569,310,,,0,100,,570,310,,,0,100,,571,310,,,0,99,,572,310,,,0,100,,573,310,,,0,100,,574,310,,,0,101,,561,310,,,0,100,,562,310,,,0,30,,559,310,,,0,73,,563,310,,,0,103,,564,310,,,0,195,,565,310,,,0,203,,566,310,,,0
1401,'Semaine-01',619,,577,310,,,0,87,,584,310,,,0,38,,576,310,,,0,66,,585,310,,,0,106,,586,310,,,0,100,,587,310,,,0,100,,588,310,,,0,99,,589,310,,,0,100,,590,310,,,0,100,,591,310,,,0,101,,578,310,,,0,100,,579,310,,,0,30,,575,310,,,0,73,,580,310,,,0,103,,581,310,,,0,195,,582,310,,,0,203,,583,310,,,0
1401,'Week-end-01',628,,592,310,,,0,200,,593,310,,,0,200,,594,310,,,0,198,,595,310,,,0,200,,596,310,,,0,196,,597,310,,,0,200,,598,310,,,0,206,,599,310,,,0,200,,600,310,,,0
10001,'Fête-2-01',444,,730,140,,,0,70,,726,410,,,0,88,,729,410,,,0,37,,727,410,,,0,71,,728,410,,,0
10001,'Semaine-01',444,,737,140,,,0,70,,732,410,,,0,88,,735,410,,,0,37,,733,410,,,0,71,,734,410,,,0
