1101,'Fête-1-01',825,,439,300,,,0,198,,440,300,,,0,200,,441,300,,,0,200,,442,300,,,0,200,,443,300,,,0,200,,444,300,,,0,200,,445,300,,,0,200,,446,300,,,0
1101,'Fête-2-01',516,,465,160,,,0,32,,466,160,,,0,85,,447,160,,,0,26,,464,160,,,0,86,,448,300,,,0,173,,456,300,,,0,100,,457,300,,,0,100,,458,300,,,0,100,,459,300,,,0,100,,460,300,,,0,99,,461,300,,,0,101,,462,300,,,0,100,,463,300,,,0,117,,449,300,,,0,100,,450,300,,,0,83,,451,300,,,0,98,,452,300,,,0,100,,453,300,,,0,100,,454,300,,,0,100,,455,300,,,0
1101,'Semaine-01',516,,485,160,,,0,32,,487,160,,,0,85,,467,160,,,0,26,,484,160,,,0,86,,468,300,,,0,173,,476,300,,,0,100,,477,300,,,0,100,,478,300,,,0,100,,479,300,,,0,100,,480,300,,,0,99,,481,300,,,0,101,,482,300,,,0,100,,483,300,,,0,83,,486,300,,,0,34,,469,300,,,0,100,,470,300,,,0,83,,471,300,,,0,98,,472,300,,,0,100,,473,300,,,0,100,,474,300,,,0,100,,475,300,,,0
1101,'Week-end-01',825,,488,300,,,0,198,,489,300,,,0,200,,490,300,,,0,200,,491,300,,,0,200,,492,300,,,0,200,,493,300,,,0,200,,494,300,,,0,200,,495,300,,,0
1401,'Fête-1-01',632,,550,360,,,0,200,,551,360,,,0,200,,552,360,,,0,198,,553,360,,,0,200,,554,360,,,0,196,,555,360,,,0,200,,556,360,,,0,206,,557,360,,,0,200,,558,360,,,0
1401,'Fête-2-01',622,,560,360,,,0,87,,567,360,,,0,105,,568,360,,,0,105,,569,360,,,0,100,,570,360,,,0,100,,571,360,,,0,99,,572,360,,,0,100,,573,360,,,0,100,,574,360,,,0,101,,561,360,,,0,100,,562,360,,,0,30,,559,360,,,0,73,,563,360,,,0,102,,564,360,,,0,195,,565,360,,,0,203,,566,360,,,0
1401,'Semaine-01',622,,577,360,,,0,87,,584,360,,,0,38,,576,360,,,0,67,,585,360,,,0,105,,586,360,,,0,100,,587,360,,,0,100,,588,360,,,0,99,,589,360,,,0,100,,590,360,,,0,100,,591,360,,,0,101,,578,360,,,0,100,,579,360,,,0,30,,575,360,,,0,73,,580,360,,,0,102,,581,360,,,0,195,,582,360,,,0,203,,583,360,,,0
1401,'Week-end-01',632,,592,360,,,0,200,,593,360,,,0,200,,594,360,,,0,198,,595,360,,,0,200,,596,360,,,0,196,,597,360,,,0,200,,598,360,,,0,206,,599,360,,,0,200,,600,360,,,0
10001,'Fête-2-01',447,,730,190,,,0,70,,726,460,,,0,88,,729,460,,,0,38,,727,460,,,0,71,,728,460,,,0,27,,725,50,,,0
10001,'Semaine-01',447,,737,190,,,0,70,,732,460,,,0,88,,735,460,,,0,29,,736,50,,,0,9,,733,460,,,0,71,,734,460,,,0,27,,731,50,,,0
