100,'Fête-1-01',926,,1,270,,,0,200,,2,270,,,0,200,,3,270,,,0,200,,4,270,,,0,200,,5,270,,,0,200,,6,270,,,0,200,,7,270,,,0,198,,8,270,,,0
100,'Fête-2-01',914,,11,270,,,0,100,,12,270,,,0,100,,13,270,,,0,121,,14,270,,,0,100,,15,270,,,0,100,,16,270,,,0,93,,22,270,,,0,100,,17,270,,,0,95,,18,270,,,0,106,,23,270,,,0,101,,24,270,,,0,195,,25,270,,,0,197,,26,270,,,0
100,'Semaine-01',914,,29,270,,,0,100,,30,270,,,0,100,,31,270,,,0,121,,32,270,,,0,100,,33,270,,,0,100,,34,270,,,0,93,,40,270,,,0,100,,35,270,,,0,95,,36,270,,,0,106,,41,270,,,0,101,,42,270,,,0,195,,43,270,,,0,197,,44,270,,,0
100,'Week-end-01',926,,45,270,,,0,200,,46,270,,,0,200,,47,270,,,0,200,,48,270,,,0,200,,49,270,,,0,200,,50,270,,,0,200,,51,270,,,0,198,,52,270,,,0
101,'Fête-1-01',836,,53,340,,,0,200,,54,340,,,0,197,,55,340,,,0,200,,56,340,,,0,200,,57,340,,,0,200,,58,340,,,0,202,,59,340,,,0,200,,60,340,,,0
101,'Fête-2-01',824,,71,400,,,0,102,,63,400,,,0,98,,64,400,,,0,100,,65,400,,,0,105,,66,400,,,0,102,,67,400,,,0,100,,68,400,,,0,101,,62,400,,,0
101,'Semaine-01',824,,88,400,,,0,102,,80,400,,,0,98,,81,400,,,0,100,,82,400,,,0,105,,83,400,,,0,102,,84,400,,,0,100,,85,400,,,0,101,,79,400,,,0
101,'Week-end-01',836,,95,340,,,0,200,,96,340,,,0,197,,97,340,,,0,200,,98,340,,,0,200,,99,340,,,0,200,,100,340,,,0,202,,101,340,,,0,200,,102,340,,,0
801,'Fête-1-01',844,,215,420,,,0,200,,216,420,,,0,196,,217,420,,,0,200,,218,420,,,0,200,,219,420,,,0,200,,220,420,,,0,202,,221,420,,,0,200,,222,420,,,0
801,'Fête-2-01',632,,237,300,,,0,189,,230,420,,,0,112,,231,420,,,0,100,,232,420,,,0,103,,233,420,,,0,103,,234,420,,,0,104,,235,420,,,0,101,,236,420,,,0,96,,223,420,,,0,103,,224,420,,,0,69,,225,430,,,0,28,,226,420,,,0,102,,227,420,,,0,194,,228,420,,,0,201,,229,420,,,0
801,'Semaine-01',632,,252,300,,,0,189,,245,420,,,0,112,,246,420,,,0,100,,247,420,,,0,103,,248,420,,,0,103,,249,420,,,0,104,,250,420,,,0,101,,251,420,,,0,96,,238,420,,,0,103,,239,420,,,0,69,,240,430,,,0,28,,241,420,,,0,102,,242,420,,,0,194,,243,420,,,0,201,,244,420,,,0
801,'Week-end-01',844,,253,420,,,0,200,,254,420,,,0,196,,255,420,,,0,200,,256,420,,,0,200,,257,420,,,0,200,,258,420,,,0,202,,259,420,,,0,200,,260,420,,,0
1500,'Fête-1-01',921,,601,270,,,1,100,,602,270,,,1,100,,603,270,,,1,100,,604,270,,,1,102,,605,270,,,1,100,,606,270,,,1,100,,607,270,,,1,100,,608,270,,,1,100,,609,270,,,1,99,,610,270,,,1,100,,611,270,,,1,198,,612,270,,,1,200,,613,270,,,1
1500,'Fête-2-01',720,,614,270,,,1,91,,621,270,,,1,99,,622,270,,,1,100,,623,270,,,1,100,,624,270,,,1,108,,625,270,,,1,96,,626,270,,,1,100,,627,270,,,1,100,,628,270,,,1,107,,615,270,,,1,104,,616,270,,,1,97,,617,270,,,1,102,,618,270,,,1,193,,619,270,,,1,201,,620,270,,,1
1500,'Semaine-01',720,,629,270,,,1,91,,636,270,,,1,99,,637,270,,,1,100,,638,270,,,1,100,,639,270,,,1,108,,640,270,,,1,96,,641,270,,,1,100,,642,270,,,1,100,,643,270,,,1,107,,630,270,,,1,104,,631,270,,,1,97,,632,270,,,1,102,,633,270,,,1,193,,634,270,,,1,201,,635,270,,,1
1500,'Week-end-01',921,,644,270,,,1,100,,645,270,,,1,100,,646,270,,,1,100,,647,270,,,1,102,,648,270,,,1,100,,649,270,,,1,100,,650,270,,,1,100,,651,270,,,1,100,,652,270,,,1,99,,653,270,,,1,100,,654,270,,,1,198,,655,270,,,1,200,,656,270,,,1
1501,'Fête-1-01',845,,657,310,,,1,100,,658,310,,,1,100,,659,310,,,1,100,,660,310,,,1,100,,661,310,,,1,100,,662,310,,,1,98,,663,310,,,1,100,,664,310,,,1,100,,665,310,,,1,100,,666,310,,,1,100,,667,310,,,1,202,,668,310,,,1,200,,669,310,,,1
1501,'Fête-2-01',643,,670,310,,,1,95,,677,310,,,1,99,,678,310,,,1,98,,679,310,,,1,100,,680,310,,,1,105,,681,310,,,1,101,,682,310,,,1,100,,683,310,,,1,100,,684,310,,,1,99,,671,310,,,1,101,,672,310,,,1,104,,673,310,,,1,91,,674,310,,,1,205,,675,310,,,1,198,,676,310,,,1
1501,'Semaine-01',643,,685,310,,,1,95,,692,310,,,1,99,,693,310,,,1,98,,694,310,,,1,100,,695,310,,,1,105,,696,310,,,1,101,,697,310,,,1,100,,698,310,,,1,100,,699,310,,,1,99,,686,310,,,1,101,,687,310,,,1,104,,688,310,,,1,91,,689,310,,,1,205,,690,310,,,1,198,,691,310,,,1
1501,'Week-end-01',845,,700,310,,,1,100,,701,310,,,1,100,,702,310,,,1,100,,703,310,,,1,100,,704,310,,,1,100,,705,310,,,1,98,,706,310,,,1,100,,707,310,,,1,100,,708,310,,,1,100,,709,310,,,1,100,,710,310,,,1,202,,711,310,,,1,200,,712,310,,,1
30000,'Fête-2-01',632,,778,330,,,0,198,,779,330,,,0,383,,780,330,,,0,398,,781,330,,,0,120,,782,330,,,0,95,,783,330,,,0,93,,784,330,,,0,492,,785,330,,,0
30000,'Semaine-01',632,,786,330,,,0,198,,787,330,,,0,383,,788,330,,,0,398,,789,330,,,0,120,,790,330,,,0,95,,791,330,,,0,93,,792,330,,,0,492,,793,330,,,0
30001,'Fête-2-01',454,,800,300,,,0,65,,794,300,,,0,35,,795,300,,,0,70,,798,300,,,0,20,,796,300,,,0,75,,799,300,,,0,30,,797,300,,,0
30001,'Semaine-01',454,,807,300,,,0,65,,801,300,,,0,35,,802,300,,,0,70,,805,300,,,0,20,,803,300,,,0,75,,806,300,,,0,30,,804,300,,,0
40000,'Fête-1-01',808,,808,350,0,7,0,110,,809,350,0,7,0,101,,810,350,0,7,0,101,,811,350,0,7,0,100,,812,350,0,7,0,100,,813,350,0,7,0,100,,814,350,0,7,0,100,,815,350,0,7,0,100,,816,350,0,7,0,102,,817,350,0,7,0,100,,818,350,0,7,0,99,,819,350,0,7,0,100,,820,350,0,7,0,98,,821,350,0,7,0,100,,822,350,0,7,0,99,,823,350,0,7,0,100,,824,350,0,7,0,100,,825,350,0,7,0,100,,826,350,0,7,0
40000,'Fête-2-01',703,,842,350,,,0,43,,834,350,0,7,0,71,,866,350,,,0,24,,867,350,,,0,85,,835,350,0,7,0,80,,836,350,0,7,0,20,,849,350,0,7,0,93,,858,350,0,7,0,107,,827,350,0,7,0,100,,861,350,0,7,0,100,,862,350,0,7,0,80,,832,350,0,7,0,40,,863,350,0,7,0,70,,864,350,0,7,0,15,,865,350,0,7,0,15,,844,350,0,7,0,55,,845,350,0,7,0,10,,846,350,0,7,0,10,,847,350,0,7,0,29,,848,350,0,7,0,50,,850,350,0,7,0,18,,851,350,0,7,0,20,,852,350,0,7,0,19,,853,350,0,7,0,93,,854,350,0,7,0,65,,833,350,0,7,0,30,,855,350,0,7,0,70,,837,350,0,7,0,30,,856,350,0,7,0,70,,838,350,0,7,0,30,,857,350,0,7,0,70,,839,350,0,7,0,30,,859,350,0,7,0,165,,843,350,0,7,0,100,,860,350,0,7,0
40000,'Semaine-01',703,,883,350,,,0,43,,875,350,0,7,0,71,,907,350,,,0,24,,908,350,,,0,85,,876,350,0,7,0,80,,877,350,0,7,0,20,,890,350,0,7,0,93,,899,350,0,7,0,107,,868,350,0,7,0,100,,902,350,0,7,0,100,,903,350,0,7,0,80,,873,350,0,7,0,40,,904,350,0,7,0,70,,905,350,0,7,0,15,,906,350,0,7,0,15,,885,350,0,7,0,55,,886,350,0,7,0,10,,887,350,0,7,0,10,,888,350,0,7,0,29,,889,350,0,7,0,50,,891,350,0,7,0,18,,892,350,0,7,0,20,,893,350,0,7,0,19,,894,350,0,7,0,93,,895,350,0,7,0,65,,874,350,0,7,0,30,,896,350,0,7,0,70,,878,350,0,7,0,30,,897,350,0,7,0,70,,879,350,0,7,0,30,,898,350,0,7,0,70,,880,350,0,7,0,30,,900,350,0,7,0,165,,884,350,0,7,0,100,,901,350,0,7,0
40000,'Week-end-01',808,,909,350,0,7,0,110,,910,350,0,7,0,101,,911,350,0,7,0,101,,912,350,0,7,0,100,,913,350,0,7,0,100,,914,350,0,7,0,100,,915,350,0,7,0,100,,916,350,0,7,0,100,,917,350,0,7,0,102,,918,350,0,7,0,100,,919,350,0,7,0,99,,920,350,0,7,0,100,,921,350,0,7,0,98,,922,350,0,7,0,100,,923,350,0,7,0,99,,924,350,0,7,0,100,,925,350,0,7,0,100,,926,350,0,7,0,100,,927,350,0,7,0
40001,'Fête-1-01',646,,928,300,,,0,109,,929,300,,,0,100,,930,300,,,0,100,,931,300,,,0,100,,932,300,,,0,100,,933,300,,,0,100,,934,300,,,0,98,,935,300,,,0,98,,936,300,,,0,100,,937,300,,,0,100,,938,300,,,0,100,,939,300,,,0,100,,940,300,,,0,101,,941,300,,,0,100,,942,300,,,0,100,,943,300,,,0,101,,944,300,,,0,101,,945,300,,,0,100,,946,300,,,0
40001,'Fête-2-01',441,,989,300,,,0,63,,990,300,,,0,30,,983,300,,,0,70,,985,300,,,0,10,,986,300,,,0,20,,966,300,,,0,20,,987,300,,,0,55,,988,300,,,0,30,,978,300,,,0,70,,979,300,,,0,10,,984,300,,,0,13,,958,30,,,0,17,,980,300,,,0,58,,959,30,,,0,42,,981,300,,,0,58,,960,30,,,0,19,,953,300,,,0,23,,982,300,,,0,58,,961,30,,,0,42,,967,300,,,0,58,,962,30,,,0,20,,947,300,,,0,22,,968,300,,,0,63,,948,30,,,0,42,,969,300,,,0,58,,949,30,,,0,42,,970,300,,,0,60,,955,300,,,0,18,,963,30,,,0,22,,971,300,,,0,58,,950,30,,,0,43,,991,300,,,0,66,,992,420,,,0,27,,964,420,,,0,71,,954,300,,,0,25,,965,420,,,0,72,,951,300,,,0,31,,972,300,,,0,70,,952,30,,,0,30,,973,300,,,0,70,,957,30,,,0,32,,974,300,,,0,68,,956,30,,,0,28,,975,300,,,0,100,,976,300,,,0,104,,977,300,,,0
40001,'Semaine-01',441,,1036,300,,,0,63,,1037,300,,,0,30,,1030,300,,,0,70,,1032,300,,,0,10,,1033,300,,,0,20,,1013,300,,,0,20,,1034,300,,,0,55,,1035,300,,,0,13,,1010,30,,,0,17,,1025,300,,,0,70,,1026,300,,,0,10,,1031,300,,,0,13,,1004,30,,,0,17,,1027,300,,,0,58,,1005,30,,,0,42,,1028,300,,,0,58,,1006,30,,,0,19,,999,300,,,0,23,,1029,300,,,0,58,,1007,30,,,0,42,,1014,300,,,0,58,,1008,30,,,0,20,,993,300,,,0,22,,1015,300,,,0,63,,994,30,,,0,42,,1016,300,,,0,58,,995,30,,,0,42,,1017,300,,,0,60,,1001,300,,,0,18,,1009,30,,,0,22,,1018,300,,,0,58,,996,30,,,0,43,,1038,300,,,0,66,,1039,420,,,0,27,,1011,420,,,0,71,,1000,300,,,0,25,,1012,420,,,0,72,,997,300,,,0,31,,1019,300,,,0,70,,998,30,,,0,30,,1020,300,,,0,70,,1003,30,,,0,32,,1021,300,,,0,68,,1002,30,,,0,28,,1022,300,,,0,100,,1023,300,,,0,104,,1024,300,,,0
40001,'Week-end-01',646,,1040,300,,,0,109,,1041,300,,,0,100,,1042,300,,,0,100,,1043,300,,,0,100,,1044,300,,,0,100,,1045,300,,,0,100,,1046,300,,,0,98,,1047,300,,,0,98,,1048,300,,,0,100,,1049,300,,,0,100,,1050,300,,,0,100,,1051,300,,,0,100,,1052,300,,,0,101,,1053,300,,,0,100,,1054,300,,,0,100,,1055,300,,,0,101,,1056,300,,,0,101,,1057,300,,,0,100,,1058,300,,,0
