101,'Fête-1-01',856,,53,610,,,0,200,,54,610,,,0,197,,55,610,,,0,200,,56,610,,,0,200,,57,610,,,0,200,,58,610,,,0,202,,59,610,,,0,200,,60,610,,,0
101,'Fête-2-01',650,,76,620,,,0,91,,77,620,,,0,103,,71,670,,,0,102,,63,670,,,0,100,,64,670,,,0,100,,65,670,,,0,105,,66,670,,,0,103,,67,670,,,0,100,,68,670,,,0,101,,62,670,,,0,93,,72,620,,,0,79,,73,620,,,0,29,,74,620,,,0,100,,75,620,,,0,194,,69,620,,,0,196,,70,620,,,0
101,'Semaine-01',650,,93,620,,,0,91,,94,620,,,0,103,,88,670,,,0,102,,80,670,,,0,100,,81,670,,,0,100,,82,670,,,0,105,,83,670,,,0,103,,84,670,,,0,100,,85,670,,,0,101,,79,670,,,0,93,,89,620,,,0,79,,90,620,,,0,29,,91,620,,,0,100,,92,620,,,0,194,,86,620,,,0,196,,87,620,,,0
101,'Week-end-01',856,,95,610,,,0,200,,96,610,,,0,197,,97,610,,,0,200,,98,610,,,0,200,,99,610,,,0,200,,100,610,,,0,202,,101,610,,,0,200,,102,610,,,0
901,'Fête-1-01',857,,321,540,,,0,200,,322,540,,,0,198,,323,540,,,0,200,,324,540,,,0,199,,325,540,,,0,200,,326,540,,,0,201,,327,540,,,0,199,,328,540,,,0,198,,329,540,,,0
901,'Fête-2-01',616,,331,550,,,0,34,,330,550,,,0,104,,332,550,,,0,93,,343,550,,,0,100,,334,550,,,0,100,,335,550,,,0,100,,344,550,,,0,100,,336,550,,,0,108,,345,550,,,0,100,,337,550,,,0,100,,338,550,,,0,101,,333,550,,,0,148,,346,550,,,0,21,,347,550,,,0,28,,348,550,,,0,96,,339,550,,,0,100,,340,550,,,0,100,,349,550,,,0,97,,350,550,,,0,100,,341,550,,,0,99,,342,550,,,0
901,'Semaine-01',616,,352,550,,,0,34,,351,550,,,0,104,,353,550,,,0,93,,364,550,,,0,100,,355,550,,,0,100,,356,550,,,0,100,,365,550,,,0,100,,357,550,,,0,108,,366,550,,,0,100,,358,550,,,0,100,,359,550,,,0,101,,354,550,,,0,148,,367,550,,,0,21,,368,550,,,0,28,,369,550,,,0,96,,360,550,,,0,100,,361,550,,,0,100,,370,550,,,0,97,,371,550,,,0,100,,362,550,,,0,99,,363,550,,,0
901,'Week-end-01',857,,372,540,,,0,200,,373,540,,,0,198,,374,540,,,0,200,,375,540,,,0,199,,376,540,,,0,200,,377,540,,,0,201,,378,540,,,0,199,,379,540,,,0,198,,380,540,,,0
1401,'Fête-1-01',656,,550,720,,,0,200,,551,720,,,0,200,,552,720,,,0,198,,553,720,,,0,200,,554,720,,,0,200,,555,720,,,0,200,,556,720,,,0,202,,557,720,,,0,200,,558,720,,,0
1401,'Fête-2-01',649,,560,720,,,0,90,,567,720,,,0,105,,568,720,,,0,105,,569,720,,,0,100,,570,720,,,0,100,,571,720,,,0,99,,572,720,,,0,100,,573,720,,,0,100,,574,720,,,0,103,,561,720,,,0,102,,562,720,,,0,56,,559,630,,,0,47,,563,720,,,0,98,,564,720,,,0,195,,565,720,,,0,203,,566,720,,,0
1401,'Semaine-01',649,,577,720,,,0,90,,584,720,,,0,105,,585,720,,,0,105,,586,720,,,0,100,,587,720,,,0,100,,588,720,,,0,99,,589,720,,,0,100,,590,720,,,0,100,,591,720,,,0,103,,578,720,,,0,102,,579,720,,,0,56,,575,630,,,0,47,,580,720,,,0,98,,581,720,,,0,195,,582,720,,,0,203,,583,720,,,0
1401,'Week-end-01',656,,592,720,,,0,200,,593,720,,,0,200,,594,720,,,0,198,,595,720,,,0,200,,596,720,,,0,200,,597,720,,,0,200,,598,720,,,0,202,,599,720,,,0,200,,600,720,,,0
1500,'Fête-1-01',907,,601,60,,,1,100,,602,60,,,1,100,,603,60,,,1,100,,604,60,,,1,100,,605,60,,,1,100,,606,60,,,1,100,,607,60,,,1,100,,608,60,,,1,100,,609,60,,,1,100,,610,60,,,1,100,,611,60,,,1,200,,612,60,,,1,200,,613,60,,,1
1500,'Fête-2-01',707,,614,60,,,1,51,,621,60,,,1,99,,622,60,,,1,100,,623,60,,,1,100,,624,60,,,1,148,,625,60,,,1,95,,626,60,,,1,100,,627,60,,,1,100,,628,60,,,1,107,,615,60,,,1,105,,616,60,,,1,98,,617,60,,,1,102,,618,60,,,1,194,,619,60,,,1,202,,620,60,,,1
1500,'Semaine-01',707,,629,60,,,1,51,,636,60,,,1,99,,637,60,,,1,100,,638,60,,,1,100,,639,60,,,1,148,,640,60,,,1,95,,641,60,,,1,100,,642,60,,,1,100,,643,60,,,1,107,,630,60,,,1,105,,631,60,,,1,98,,632,60,,,1,102,,633,60,,,1,194,,634,60,,,1,202,,635,60,,,1
1500,'Week-end-01',907,,644,60,,,1,100,,645,60,,,1,100,,646,60,,,1,100,,647,60,,,1,100,,648,60,,,1,100,,649,60,,,1,100,,650,60,,,1,100,,651,60,,,1,100,,652,60,,,1,100,,653,60,,,1,100,,654,60,,,1,200,,655,60,,,1,200,,656,60,,,1
30000,'Fête-2-01',616,,778,150,,,0,197,,779,150,,,0,343,,780,150,,,0,398,,781,150,,,0,160,,782,150,,,0,97,,783,150,,,0,93,,784,150,,,0,452,,785,150,,,0
30000,'Semaine-01',616,,786,150,,,0,197,,787,150,,,0,343,,788,150,,,0,398,,789,150,,,0,160,,790,150,,,0,97,,791,150,,,0,93,,792,150,,,0,452,,793,150,,,0
40000,'Fête-1-01',753,,808,170,0,7,0,150,,809,170,0,7,0,101,,810,170,0,7,0,101,,811,170,0,7,0,100,,812,170,0,7,0,100,,813,170,0,7,0,99,,814,170,0,7,0,100,,815,170,0,7,0,100,,816,170,0,7,0,102,,817,170,0,7,0,100,,818,170,0,7,0,99,,819,170,0,7,0,100,,820,170,0,7,0,99,,821,170,0,7,0,100,,822,170,0,7,0,99,,823,170,0,7,0,100,,824,170,0,7,0,100,,825,170,0,7,0,100,,826,170,0,7,0
40000,'Fête-2-01',647,,842,170,,,0,83,,834,170,0,7,0,71,,866,170,,,0,24,,867,170,,,0,25,,828,170,0,6 7,0,60,,835,170,0,7,0,40,,836,170,0,7,0,60,,849,170,0,7,0,33,,829,170,0,6 7,0,60,,858,170,0,7,0,40,,840,170,0,6 7,0,67,,827,170,0,7,0,40,,830,170,0,6 7,0,60,,861,170,0,7,0,41,,831,170,0,6 7,0,59,,862,170,0,7,0,40,,832,170,0,7,0,63,,841,170,0,6 7,0,17,,863,170,0,7,0,70,,864,170,0,7,0,15,,865,170,0,7,0,15,,844,170,0,7,0,15,,845,170,0,7,0,10,,846,170,0,7,0,50,,847,170,0,7,0,29,,848,170,0,7,0,10,,850,170,0,7,0,59,,851,170,0,7,0,20,,852,170,0,7,0,19,,853,170,0,7,0,93,,854,170,0,7,0,65,,833,170,0,7,0,30,,855,170,0,7,0,70,,837,170,0,7,0,30,,856,170,0,7,0,70,,838,170,0,7,0,30,,857,170,0,7,0,70,,839,170,0,7,0,30,,859,170,0,7,0,125,,843,170,0,7,0,100,,860,170,0,7,0
40000,'Semaine-01',647,,883,170,,,0,83,,875,170,0,7,0,71,,907,170,,,0,24,,908,170,,,0,25,,869,170,0,6 7,0,60,,876,170,0,7,0,40,,877,170,0,7,0,60,,890,170,0,7,0,33,,870,170,0,6 7,0,60,,899,170,0,7,0,40,,881,170,0,6 7,0,67,,868,170,0,7,0,40,,871,170,0,6 7,0,60,,902,170,0,7,0,41,,872,170,0,6 7,0,59,,903,170,0,7,0,40,,873,170,0,7,0,63,,882,170,0,6 7,0,17,,904,170,0,7,0,70,,905,170,0,7,0,15,,906,170,0,7,0,15,,885,170,0,7,0,15,,886,170,0,7,0,10,,887,170,0,7,0,50,,888,170,0,7,0,29,,889,170,0,7,0,10,,891,170,0,7,0,59,,892,170,0,7,0,20,,893,170,0,7,0,19,,894,170,0,7,0,93,,895,170,0,7,0,65,,874,170,0,7,0,30,,896,170,0,7,0,70,,878,170,0,7,0,30,,897,170,0,7,0,70,,879,170,0,7,0,30,,898,170,0,7,0,70,,880,170,0,7,0,30,,900,170,0,7,0,125,,884,170,0,7,0,100,,901,170,0,7,0
40000,'Week-end-01',753,,909,170,0,7,0,150,,910,170,0,7,0,101,,911,170,0,7,0,101,,912,170,0,7,0,100,,913,170,0,7,0,100,,914,170,0,7,0,99,,915,170,0,7,0,100,,916,170,0,7,0,100,,917,170,0,7,0,102,,918,170,0,7,0,100,,919,170,0,7,0,99,,920,170,0,7,0,100,,921,170,0,7,0,99,,922,170,0,7,0,100,,923,170,0,7,0,99,,924,170,0,7,0,100,,925,170,0,7,0,100,,926,170,0,7,0,100,,927,170,0,7,0
