1101,'Fête-1-01',812,,439,100,,,0,198,,440,100,,,0,200,,441,100,,,0,200,,442,100,,,0,200,,443,100,,,0,200,,444,100,,,0,200,,445,100,,,0,200,,446,100,,,0
1101,'Fête-2-01',731,,448,100,,,0,173,,456,100,,,0,100,,457,100,,,0,99,,458,100,,,0,100,,459,100,,,0,100,,460,100,,,0,101,,461,100,,,0,100,,462,100,,,0,100,,463,100,,,0,116,,449,100,,,0,100,,450,100,,,0,85,,451,100,,,0,98,,452,100,,,0,101,,453,100,,,0,100,,454,100,,,0,100,,455,100,,,0
1101,'Semaine-01',731,,468,100,,,0,173,,476,100,,,0,100,,477,100,,,0,99,,478,100,,,0,100,,479,100,,,0,100,,480,100,,,0,101,,481,100,,,0,100,,482,100,,,0,100,,483,100,,,0,41,,486,100,,,0,75,,469,100,,,0,100,,470,100,,,0,85,,471,100,,,0,98,,472,100,,,0,101,,473,100,,,0,100,,474,100,,,0,100,,475,100,,,0
1101,'Week-end-01',812,,488,100,,,0,198,,489,100,,,0,200,,490,100,,,0,200,,491,100,,,0,200,,492,100,,,0,200,,493,100,,,0,200,,494,100,,,0,200,,495,100,,,0
1401,'Fête-1-01',624,,550,270,,,0,200,,551,270,,,0,200,,552,270,,,0,198,,553,270,,,0,200,,554,270,,,0,196,,555,270,,,0,200,,556,270,,,0,206,,557,270,,,0,200,,558,270,,,0
1401,'Fête-2-01',616,,560,270,,,0,87,,567,270,,,0,104,,568,270,,,0,106,,569,270,,,0,100,,570,270,,,0,100,,571,270,,,0,99,,572,270,,,0,100,,573,270,,,0,100,,574,270,,,0,101,,561,270,,,0,100,,562,270,,,0,30,,559,270,,,0,73,,563,270,,,0,103,,564,270,,,0,195,,565,270,,,0,203,,566,270,,,0
1401,'Semaine-01',616,,577,270,,,0,87,,584,270,,,0,38,,576,270,,,0,66,,585,270,,,0,106,,586,270,,,0,100,,587,270,,,0,100,,588,270,,,0,99,,589,270,,,0,100,,590,270,,,0,100,,591,270,,,0,101,,578,270,,,0,100,,579,270,,,0,30,,575,270,,,0,73,,580,270,,,0,103,,581,270,,,0,195,,582,270,,,0,203,,583,270,,,0
1401,'Week-end-01',624,,592,270,,,0,200,,593,270,,,0,200,,594,270,,,0,198,,595,270,,,0,200,,596,270,,,0,196,,597,270,,,0,200,,598,270,,,0,206,,599,270,,,0,200,,600,270,,,0
10001,'Fête-2-01',441,,730,100,,,0,70,,726,370,,,0,48,,729,370,,,0,77,,727,370,,,0,71,,728,370,,,0
10001,'Semaine-01',441,,737,100,,,0,70,,732,370,,,0,48,,735,370,,,0,77,,733,370,,,0,71,,734,370,,,0
