1500,'Fête-1-01',918,,601,230,,,1,100,,602,230,,,1,100,,603,230,,,1,100,,604,230,,,1,102,,605,230,,,1,100,,606,230,,,1,100,,607,230,,,1,100,,608,230,,,1,100,,609,230,,,1,99,,610,230,,,1,100,,611,230,,,1,198,,612,230,,,1,200,,613,230,,,1
1500,'Fête-2-01',716,,614,230,,,1,91,,621,230,,,1,99,,622,230,,,1,100,,623,230,,,1,100,,624,230,,,1,108,,625,230,,,1,96,,626,230,,,1,100,,627,230,,,1,100,,628,230,,,1,107,,615,230,,,1,104,,616,230,,,1,98,,617,230,,,1,102,,618,230,,,1,194,,619,230,,,1,201,,620,230,,,1
1500,'Semaine-01',716,,629,230,,,1,91,,636,230,,,1,99,,637,230,,,1,100,,638,230,,,1,100,,639,230,,,1,108,,640,230,,,1,96,,641,230,,,1,100,,642,230,,,1,100,,643,230,,,1,107,,630,230,,,1,104,,631,230,,,1,98,,632,230,,,1,102,,633,230,,,1,194,,634,230,,,1,201,,635,230,,,1
1500,'Week-end-01',918,,644,230,,,1,100,,645,230,,,1,100,,646,230,,,1,100,,647,230,,,1,102,,648,230,,,1,100,,649,230,,,1,100,,650,230,,,1,100,,651,230,,,1,100,,652,230,,,1,99,,653,230,,,1,100,,654,230,,,1,198,,655,230,,,1,200,,656,230,,,1
1501,'Fête-1-01',842,,657,270,,,1,100,,658,270,,,1,100,,659,270,,,1,100,,660,270,,,1,100,,661,270,,,1,100,,662,270,,,1,98,,663,270,,,1,100,,664,270,,,1,100,,665,270,,,1,100,,666,270,,,1,100,,667,270,,,1,202,,668,270,,,1,200,,669,270,,,1
1501,'Fête-2-01',640,,670,270,,,1,95,,677,270,,,1,98,,678,270,,,1,98,,679,270,,,1,100,,680,270,,,1,105,,681,270,,,1,101,,682,270,,,1,100,,683,270,,,1,100,,684,270,,,1,99,,671,270,,,1,101,,672,270,,,1,105,,673,270,,,1,91,,674,270,,,1,205,,675,270,,,1,198,,676,270,,,1
1501,'Semaine-01',640,,685,270,,,1,95,,692,270,,,1,98,,693,270,,,1,98,,694,270,,,1,100,,695,270,,,1,105,,696,270,,,1,101,,697,270,,,1,100,,698,270,,,1,100,,699,270,,,1,99,,686,270,,,1,101,,687,270,,,1,105,,688,270,,,1,91,,689,270,,,1,205,,690,270,,,1,198,,691,270,,,1
1501,'Week-end-01',842,,700,270,,,1,100,,701,270,,,1,100,,702,270,,,1,100,,703,270,,,1,100,,704,270,,,1,100,,705,270,,,1,98,,706,270,,,1,100,,707,270,,,1,100,,708,270,,,1,100,,709,270,,,1,100,,710,270,,,1,202,,711,270,,,1,200,,712,270,,,1
30000,'Fête-2-01',626,,778,290,,,0,198,,779,290,,,0,383,,780,290,,,0,398,,781,290,,,0,120,,782,290,,,0,95,,783,290,,,0,93,,784,290,,,0,492,,785,290,,,0
30000,'Semaine-01',626,,786,290,,,0,198,,787,290,,,0,383,,788,290,,,0,398,,789,290,,,0,120,,790,290,,,0,95,,791,290,,,0,93,,792,290,,,0,492,,793,290,,,0
30001,'Fête-2-01',448,,800,260,,,0,65,,794,260,,,0,35,,795,260,,,0,70,,798,260,,,0,20,,796,260,,,0,75,,799,260,,,0,30,,797,260,,,0
30001,'Semaine-01',448,,807,260,,,0,65,,801,260,,,0,35,,802,260,,,0,70,,805,260,,,0,20,,803,260,,,0,75,,806,260,,,0,30,,804,260,,,0
40000,'Fête-1-01',801,,808,310,0,7,0,110,,809,310,0,7,0,101,,810,310,0,7,0,101,,811,310,0,7,0,100,,812,310,0,7,0,100,,813,310,0,7,0,100,,814,310,0,7,0,100,,815,310,0,7,0,100,,816,310,0,7,0,102,,817,310,0,7,0,100,,818,310,0,7,0,99,,819,310,0,7,0,100,,820,310,0,7,0,98,,821,310,0,7,0,100,,822,310,0,7,0,99,,823,310,0,7,0,100,,824,310,0,7,0,100,,825,310,0,7,0,100,,826,310,0,7,0
40000,'Fête-2-01',657,,842,310,0,10,0,83,,834,310,0,7,0,71,,866,310,0,10,0,24,,867,310,0,10,0,65,,828,310,0,6 7,0,20,,835,310,0,7,0,80,,836,310,0,7,0,20,,849,310,0,7,0,33,,829,310,0,6 7,0,60,,858,310,0,7,0,40,,840,310,0,6 7,0,67,,827,310,0,7,0,80,,830,310,0,6 7,0,20,,861,310,0,7,0,81,,831,310,0,6 7,0,19,,862,310,0,7,0,80,,832,310,0,7,0,23,,841,310,0,6 7,0,17,,863,310,0,7,0,70,,864,310,0,7,0,15,,865,310,0,7,0,15,,844,310,0,7,0,15,,845,310,0,7,0,50,,846,310,0,7,0,10,,847,310,0,7,0,29,,848,310,0,7,0,10,,850,310,0,7,0,58,,851,310,0,7,0,20,,852,310,0,7,0,19,,853,310,0,7,0,93,,854,310,0,7,0,65,,833,310,0,7,0,30,,855,310,0,7,0,70,,837,310,0,7,0,30,,856,310,0,7,0,70,,838,310,0,7,0,30,,857,310,0,7,0,70,,839,310,0,7,0,30,,859,310,0,7,0,165,,843,310,0,7,0,100,,860,310,0,7,0
40000,'Semaine-01',657,,883,310,0,10,0,83,,875,310,0,7,0,71,,907,310,0,10,0,24,,908,310,0,10,0,65,,869,310,0,6 7,0,20,,876,310,0,7,0,80,,877,310,0,7,0,20,,890,310,0,7,0,33,,870,310,0,6 7,0,60,,899,310,0,7,0,40,,881,310,0,6 7,0,67,,868,310,0,7,0,80,,871,310,0,6 7,0,20,,902,310,0,7,0,81,,872,310,0,6 7,0,19,,903,310,0,7,0,80,,873,310,0,7,0,23,,882,310,0,6 7,0,17,,904,310,0,7,0,70,,905,310,0,7,0,15,,906,310,0,7,0,15,,885,310,0,7,0,15,,886,310,0,7,0,50,,887,310,0,7,0,10,,888,310,0,7,0,29,,889,310,0,7,0,10,,891,310,0,7,0,58,,892,310,0,7,0,20,,893,310,0,7,0,19,,894,310,0,7,0,93,,895,310,0,7,0,65,,874,310,0,7,0,30,,896,310,0,7,0,70,,878,310,0,7,0,30,,897,310,0,7,0,70,,879,310,0,7,0,30,,898,310,0,7,0,70,,880,310,0,7,0,30,,900,310,0,7,0,165,,884,310,0,7,0,100,,901,310,0,7,0
40000,'Week-end-01',801,,909,310,0,7,0,110,,910,310,0,7,0,101,,911,310,0,7,0,101,,912,310,0,7,0,100,,913,310,0,7,0,100,,914,310,0,7,0,100,,915,310,0,7,0,100,,916,310,0,7,0,100,,917,310,0,7,0,102,,918,310,0,7,0,100,,919,310,0,7,0,99,,920,310,0,7,0,100,,921,310,0,7,0,98,,922,310,0,7,0,100,,923,310,0,7,0,99,,924,310,0,7,0,100,,925,310,0,7,0,100,,926,310,0,7,0,100,,927,310,0,7,0
40001,'Fête-1-01',641,,928,260,,,0,108,,929,260,,,0,100,,930,260,,,0,100,,931,260,,,0,100,,932,260,,,0,100,,933,260,,,0,100,,934,260,,,0,98,,935,260,,,0,98,,936,260,,,0,100,,937,260,,,0,100,,938,260,,,0,100,,939,260,,,0,100,,940,260,,,0,101,,941,260,,,0,100,,942,260,,,0,100,,943,260,,,0,101,,944,260,,,0,101,,945,260,,,0,100,,946,260,,,0
40001,'Fête-2-01',435,,989,260,,,0,23,,990,260,,,0,70,,983,260,,,0,30,,985,260,,,0,50,,986,260,,,0,20,,966,260,,,0,20,,987,260,,,0,55,,988,260,,,0,30,,978,260,,,0,70,,979,260,,,0,10,,984,260,,,0,30,,980,260,,,0,100,,981,260,,,0,77,,953,260,,,0,23,,982,260,,,0,100,,967,260,,,0,78,,947,260,,,0,22,,968,260,,,0,105,,969,260,,,0,100,,970,260,,,0,60,,955,260,,,0,40,,971,260,,,0,101,,991,260,,,0,66,,992,380,,,0,27,,964,380,,,0,71,,954,260,,,0,25,,965,380,,,0,72,,951,260,,,0,31,,972,260,,,0,101,,973,260,,,0,102,,974,260,,,0,96,,975,260,,,0,100,,976,260,,,0,104,,977,260,,,0
40001,'Semaine-01',435,,1036,260,,,0,23,,1037,260,,,0,70,,1030,260,,,0,30,,1032,260,,,0,50,,1033,260,,,0,20,,1013,260,,,0,20,,1034,260,,,0,55,,1035,260,,,0,30,,1025,260,,,0,70,,1026,260,,,0,10,,1031,260,,,0,30,,1027,260,,,0,100,,1028,260,,,0,77,,999,260,,,0,23,,1029,260,,,0,100,,1014,260,,,0,78,,993,260,,,0,22,,1015,260,,,0,105,,1016,260,,,0,100,,1017,260,,,0,60,,1001,260,,,0,40,,1018,260,,,0,101,,1038,260,,,0,66,,1039,380,,,0,27,,1011,380,,,0,71,,1000,260,,,0,25,,1012,380,,,0,72,,997,260,,,0,31,,1019,260,,,0,101,,1020,260,,,0,102,,1021,260,,,0,96,,1022,260,,,0,100,,1023,260,,,0,104,,1024,260,,,0
40001,'Week-end-01',641,,1040,260,,,0,108,,1041,260,,,0,100,,1042,260,,,0,100,,1043,260,,,0,100,,1044,260,,,0,100,,1045,260,,,0,100,,1046,260,,,0,98,,1047,260,,,0,98,,1048,260,,,0,100,,1049,260,,,0,100,,1050,260,,,0,100,,1051,260,,,0,100,,1052,260,,,0,101,,1053,260,,,0,100,,1054,260,,,0,100,,1055,260,,,0,101,,1056,260,,,0,101,,1057,260,,,0,100,,1058,260,,,0
