100,'Fête-1-01',935,,1,330,,,0,200,,2,330,,,0,200,,3,330,,,0,200,,4,330,,,0,200,,5,330,,,0,200,,6,330,,,0,200,,7,330,,,0,198,,8,330,,,0
100,'Fête-2-01',716,,10,40,,,0,101,,20,280,,,0,20,,9,40,,,0,84,,11,330,,,0,100,,12,330,,,0,100,,13,330,,,0,121,,14,330,,,0,101,,15,330,,,0,100,,16,330,,,0,93,,22,330,,,0,100,,17,330,,,0,95,,18,330,,,0,106,,23,330,,,0,101,,24,330,,,0,195,,25,330,,,0,197,,26,330,,,0
100,'Semaine-01',716,,28,40,,,0,101,,38,280,,,0,20,,27,40,,,0,84,,29,330,,,0,100,,30,330,,,0,100,,31,330,,,0,121,,32,330,,,0,101,,33,330,,,0,100,,34,330,,,0,93,,40,330,,,0,100,,35,330,,,0,95,,36,330,,,0,106,,41,330,,,0,101,,42,330,,,0,195,,43,330,,,0,197,,44,330,,,0
100,'Week-end-01',935,,45,330,,,0,200,,46,330,,,0,200,,47,330,,,0,200,,48,330,,,0,200,,49,330,,,0,200,,50,330,,,0,200,,51,330,,,0,198,,52,330,,,0
101,'Fête-1-01',844,,53,400,,,0,200,,54,400,,,0,197,,55,400,,,0,200,,56,400,,,0,200,,57,400,,,0,200,,58,400,,,0,202,,59,400,,,0,200,,60,400,,,0
101,'Fête-2-01',636,,76,410,,,0,91,,77,410,,,0,104,,71,460,,,0,102,,63,460,,,0,98,,64,460,,,0,100,,65,460,,,0,105,,66,460,,,0,102,,67,460,,,0,100,,68,460,,,0,101,,62,460,,,0,93,,72,410,,,0,79,,73,410,,,0,30,,74,410,,,0,100,,75,410,,,0,196,,69,410,,,0,196,,70,410,,,0
101,'Semaine-01',636,,93,410,,,0,91,,94,410,,,0,104,,88,460,,,0,102,,80,460,,,0,98,,81,460,,,0,100,,82,460,,,0,105,,83,460,,,0,102,,84,460,,,0,100,,85,460,,,0,101,,79,460,,,0,93,,89,410,,,0,79,,90,410,,,0,30,,91,410,,,0,100,,92,410,,,0,196,,86,410,,,0,196,,87,410,,,0
101,'Week-end-01',844,,95,400,,,0,200,,96,400,,,0,197,,97,400,,,0,200,,98,400,,,0,200,,99,400,,,0,200,,100,400,,,0,202,,101,400,,,0,200,,102,400,,,0
501,'Fête-2-01',540,,145,40,,,0,76,,146,40,,,0,30,,147,40,,,0
501,'Semaine-01',540,,148,40,,,0,76,,149,40,,,0,30,,150,40,,,0
901,'Fête-1-01',810,,321,40,,,0,200,,322,40,,,0,197,,323,40,,,0,200,,324,40,,,0,200,,325,40,,,0,200,,326,40,,,0,202,,327,40,,,0,200,,328,40,,,0,198,,329,40,,,0
901,'Fête-2-01',529,,331,40,,,0,74,,330,40,,,0,102,,332,40,,,0,53,,343,40,,,0,142,,334,40,,,0,100,,335,40,,,0,100,,344,40,,,0,100,,336,40,,,0,106,,345,40,,,0,100,,337,40,,,0,100,,338,40,,,0,102,,333,40,,,0,109,,346,40,,,0,21,,347,40,,,0,70,,348,40,,,0,96,,339,40,,,0,100,,340,40,,,0,100,,349,40,,,0,100,,350,40,,,0,100,,341,40,,,0,99,,342,40,,,0
901,'Semaine-01',529,,352,40,,,0,74,,351,40,,,0,102,,353,40,,,0,53,,364,40,,,0,142,,355,40,,,0,100,,356,40,,,0,100,,365,40,,,0,100,,357,40,,,0,106,,366,40,,,0,100,,358,40,,,0,100,,359,40,,,0,102,,354,40,,,0,109,,367,40,,,0,21,,368,40,,,0,70,,369,40,,,0,96,,360,40,,,0,100,,361,40,,,0,100,,370,40,,,0,100,,371,40,,,0,100,,362,40,,,0,99,,363,40,,,0
901,'Week-end-01',810,,372,40,,,0,200,,373,40,,,0,197,,374,40,,,0,200,,375,40,,,0,200,,376,40,,,0,200,,377,40,,,0,202,,378,40,,,0,200,,379,40,,,0,198,,380,40,,,0
1100,'Fête-1-01',922,,381,40,,,0,200,,382,40,,,0,200,,383,40,,,0,200,,384,40,,,0,200,,385,40,,,0,200,,386,40,,,0,200,,387,40,,,0,198,,388,40,,,0
1100,'Fête-2-01',611,,407,40,,,0,101,,390,40,,,0,103,,398,40,,,0,37,,399,40,,,0,100,,400,40,,,0,152,,401,40,,,0,100,,402,40,,,0,48,,403,40,,,0,100,,404,40,,,0,100,,405,40,,,0,100,,391,40,,,0,151,,392,40,,,0,50,,406,40,,,0,105,,389,40,,,0,100,,393,40,,,0,94,,394,40,,,0,100,,395,40,,,0,100,,396,40,,,0,98,,397,40,,,0
1100,'Semaine-01',611,,430,40,,,0,101,,411,40,,,0,103,,420,40,,,0,37,,421,40,,,0,100,,422,40,,,0,152,,423,40,,,0,100,,424,40,,,0,48,,425,40,,,0,100,,426,40,,,0,100,,427,40,,,0,100,,412,40,,,0,71,,409,40,,,0,80,,413,40,,,0,25,,414,40,,,0,25,,428,40,,,0,65,,429,40,,,0,40,,408,40,,,0,100,,415,40,,,0,94,,416,40,,,0,100,,417,40,,,0,100,,418,40,,,0,98,,419,40,,,0
1100,'Week-end-01',922,,431,40,,,0,200,,432,40,,,0,200,,433,40,,,0,200,,434,40,,,0,200,,435,40,,,0,200,,436,40,,,0,200,,437,40,,,0,198,,438,40,,,0
1400,'Fête-1-01',730,,496,310,,,0,200,,497,310,,,0,200,,498,310,,,0,200,,499,310,,,0,200,,500,310,,,0,200,,501,310,,,0,200,,502,310,,,0,200,,503,310,,,0,198,,504,310,,,0
1400,'Fête-2-01',645,,522,310,,,0,73,,506,310,,,0,92,,513,310,,,0,105,,514,310,,,0,103,,515,310,,,0,111,,516,310,,,0,100,,517,310,,,0,100,,518,310,,,0,100,,519,310,,,0,102,,520,310,,,0,101,,507,310,,,0,107,,508,310,,,0,89,,509,310,,,0,102,,510,310,,,0,194,,511,310,,,0,197,,512,310,,,0,194,,521,310,,,0
1400,'Semaine-01',645,,539,310,,,0,73,,523,310,,,0,92,,530,310,,,0,105,,531,310,,,0,103,,532,310,,,0,111,,533,310,,,0,100,,534,310,,,0,100,,535,310,,,0,100,,536,310,,,0,102,,537,310,,,0,101,,524,310,,,0,107,,525,310,,,0,89,,526,310,,,0,102,,527,310,,,0,194,,528,310,,,0,197,,529,310,,,0,194,,538,310,,,0
1400,'Week-end-01',730,,540,310,,,0,200,,541,310,,,0,200,,542,310,,,0,200,,543,310,,,0,200,,544,310,,,0,200,,545,310,,,0,200,,546,310,,,0,200,,547,310,,,0,198,,548,310,,,0
1401,'Fête-1-01',641,,550,480,,,0,200,,551,480,,,0,200,,552,480,,,0,198,,553,480,,,0,200,,554,480,,,0,198,,555,480,,,0,200,,556,480,,,0,204,,557,480,,,0,200,,558,480,,,0
1401,'Fête-2-01',633,,560,480,,,0,89,,567,480,,,0,105,,568,480,,,0,105,,569,480,,,0,100,,570,480,,,0,100,,571,480,,,0,99,,572,480,,,0,100,,573,480,,,0,100,,574,480,,,0,101,,561,480,,,0,101,,562,480,,,0,103,,563,480,,,0,101,,564,480,,,0,195,,565,480,,,0,203,,566,480,,,0
1401,'Semaine-01',633,,577,480,,,0,89,,584,480,,,0,105,,585,480,,,0,105,,586,480,,,0,100,,587,480,,,0,100,,588,480,,,0,99,,589,480,,,0,100,,590,480,,,0,100,,591,480,,,0,101,,578,480,,,0,101,,579,480,,,0,103,,580,480,,,0,101,,581,480,,,0,195,,582,480,,,0,203,,583,480,,,0
1401,'Week-end-01',641,,592,480,,,0,200,,593,480,,,0,200,,594,480,,,0,198,,595,480,,,0,200,,596,480,,,0,198,,597,480,,,0,200,,598,480,,,0,204,,599,480,,,0,200,,600,480,,,0
