1101,'Fête-1-01',825,,439,310,,,0,198,,440,310,,,0,200,,441,310,,,0,200,,442,310,,,0,200,,443,310,,,0,200,,444,310,,,0,200,,445,310,,,0,200,,446,310,,,0
1101,'Fête-2-01',516,,465,170,,,0,32,,466,170,,,0,85,,447,170,,,0,26,,464,170,,,0,86,,448,310,,,0,173,,456,310,,,0,100,,457,310,,,0,100,,458,310,,,0,100,,459,310,,,0,100,,460,310,,,0,99,,461,310,,,0,102,,462,310,,,0,100,,463,310,,,0,116,,449,310,,,0,100,,450,310,,,0,83,,451,310,,,0,98,,452,310,,,0,100,,453,310,,,0,100,,454,310,,,0,100,,455,310,,,0
1101,'Semaine-01',516,,485,170,,,0,32,,487,170,,,0,85,,467,170,,,0,26,,484,170,,,0,86,,468,310,,,0,173,,476,310,,,0,100,,477,310,,,0,100,,478,310,,,0,100,,479,310,,,0,100,,480,310,,,0,99,,481,310,,,0,102,,482,310,,,0,100,,483,310,,,0,82,,486,310,,,0,34,,469,310,,,0,100,,470,310,,,0,83,,471,310,,,0,98,,472,310,,,0,100,,473,310,,,0,100,,474,310,,,0,100,,475,310,,,0
1101,'Week-end-01',825,,488,310,,,0,198,,489,310,,,0,200,,490,310,,,0,200,,491,310,,,0,200,,492,310,,,0,200,,493,310,,,0,200,,494,310,,,0,200,,495,310,,,0
1401,'Fête-1-01',633,,550,370,,,0,200,,551,370,,,0,200,,552,370,,,0,198,,553,370,,,0,200,,554,370,,,0,196,,555,370,,,0,200,,556,370,,,0,206,,557,370,,,0,200,,558,370,,,0
1401,'Fête-2-01',623,,560,370,,,0,87,,567,370,,,0,104,,568,370,,,0,106,,569,370,,,0,100,,570,370,,,0,100,,571,370,,,0,99,,572,370,,,0,100,,573,370,,,0,100,,574,370,,,0,101,,561,370,,,0,100,,562,370,,,0,30,,559,370,,,0,73,,563,370,,,0,102,,564,370,,,0,195,,565,370,,,0,203,,566,370,,,0
1401,'Semaine-01',623,,577,370,,,0,87,,584,370,,,0,38,,576,370,,,0,66,,585,370,,,0,106,,586,370,,,0,100,,587,370,,,0,100,,588,370,,,0,99,,589,370,,,0,100,,590,370,,,0,100,,591,370,,,0,101,,578,370,,,0,100,,579,370,,,0,30,,575,370,,,0,73,,580,370,,,0,102,,581,370,,,0,195,,582,370,,,0,203,,583,370,,,0
1401,'Week-end-01',633,,592,370,,,0,200,,593,370,,,0,200,,594,370,,,0,198,,595,370,,,0,200,,596,370,,,0,196,,597,370,,,0,200,,598,370,,,0,206,,599,370,,,0,200,,600,370,,,0
10001,'Fête-2-01',448,,730,200,,,0,70,,726,470,,,0,88,,729,470,,,0,37,,727,470,,,0,71,,728,470,,,0,27,,725,60,,,0
10001,'Semaine-01',448,,737,200,,,0,70,,732,470,,,0,88,,735,470,,,0,28,,736,60,,,0,9,,733,470,,,0,71,,734,470,,,0,27,,731,60,,,0
