100,'Fête-1-01',930,,1,310,,,0,200,,2,310,,,0,200,,3,310,,,0,200,,4,310,,,0,200,,5,310,,,0,200,,6,310,,,0,200,,7,310,,,0,198,,8,310,,,0
100,'Fête-2-01',918,,11,310,,,0,100,,12,310,,,0,100,,13,310,,,0,121,,14,310,,,0,100,,15,310,,,0,100,,16,310,,,0,93,,22,310,,,0,100,,17,310,,,0,95,,18,310,,,0,106,,23,310,,,0,101,,24,310,,,0,195,,25,310,,,0,197,,26,310,,,0
100,'Semaine-01',918,,29,310,,,0,100,,30,310,,,0,100,,31,310,,,0,121,,32,310,,,0,100,,33,310,,,0,100,,34,310,,,0,93,,40,310,,,0,100,,35,310,,,0,95,,36,310,,,0,106,,41,310,,,0,101,,42,310,,,0,195,,43,310,,,0,197,,44,310,,,0
100,'Week-end-01',930,,45,310,,,0,200,,46,310,,,0,200,,47,310,,,0,200,,48,310,,,0,200,,49,310,,,0,200,,50,310,,,0,200,,51,310,,,0,198,,52,310,,,0
101,'Fête-1-01',840,,53,380,,,0,200,,54,380,,,0,197,,55,380,,,0,200,,56,380,,,0,200,,57,380,,,0,200,,58,380,,,0,202,,59,380,,,0,200,,60,380,,,0
101,'Fête-2-01',828,,71,440,,,0,102,,63,440,,,0,98,,64,440,,,0,100,,65,440,,,0,105,,66,440,,,0,102,,67,440,,,0,100,,68,440,,,0,101,,62,440,,,0
101,'Semaine-01',828,,88,440,,,0,102,,80,440,,,0,98,,81,440,,,0,100,,82,440,,,0,105,,83,440,,,0,102,,84,440,,,0,100,,85,440,,,0,101,,79,440,,,0
101,'Week-end-01',840,,95,380,,,0,200,,96,380,,,0,197,,97,380,,,0,200,,98,380,,,0,200,,99,380,,,0,200,,100,380,,,0,202,,101,380,,,0,200,,102,380,,,0
800,'Fête-1-01',920,,165,170,,,0,200,,166,170,,,0,200,,167,170,,,0,200,,168,170,,,0,200,,169,170,,,0,199,,170,170,,,0,200,,171,170,,,0,198,,172,170,,,0
800,'Fête-2-01',644,,174,170,,,0,105,,175,170,,,0,80,,189,170,,,0,76,,184,170,,,0,99,,185,170,,,0,100,,176,170,,,0,105,,177,170,,,0,100,,186,170,,,0,105,,187,170,,,0,104,,188,170,,,0,100,,178,170,,,0,97,,179,170,,,0,112,,180,170,,,0,92,,181,170,,,0,196,,182,170,,,0,197,,183,170,,,0
800,'Semaine-01',644,,191,170,,,0,105,,192,170,,,0,80,,206,170,,,0,76,,201,170,,,0,99,,202,170,,,0,100,,193,170,,,0,105,,194,170,,,0,100,,203,170,,,0,105,,204,170,,,0,104,,205,170,,,0,100,,195,170,,,0,97,,196,170,,,0,112,,197,170,,,0,92,,198,170,,,0,196,,199,170,,,0,197,,200,170,,,0
800,'Week-end-01',920,,207,170,,,0,200,,208,170,,,0,200,,209,170,,,0,200,,210,170,,,0,200,,211,170,,,0,199,,212,170,,,0,200,,213,170,,,0,198,,214,170,,,0
801,'Fête-1-01',849,,215,460,,,0,200,,216,460,,,0,196,,217,460,,,0,200,,218,460,,,0,200,,219,460,,,0,200,,220,460,,,0,202,,221,460,,,0,200,,222,460,,,0
801,'Fête-2-01',636,,237,340,,,0,189,,230,460,,,0,112,,231,460,,,0,100,,232,460,,,0,103,,233,460,,,0,103,,234,460,,,0,104,,235,460,,,0,101,,236,460,,,0,97,,223,460,,,0,104,,224,460,,,0,69,,225,470,,,0,28,,226,460,,,0,101,,227,460,,,0,194,,228,460,,,0,200,,229,460,,,0
801,'Semaine-01',636,,252,340,,,0,189,,245,460,,,0,112,,246,460,,,0,100,,247,460,,,0,103,,248,460,,,0,103,,249,460,,,0,104,,250,460,,,0,101,,251,460,,,0,97,,238,460,,,0,104,,239,460,,,0,69,,240,470,,,0,28,,241,460,,,0,101,,242,460,,,0,194,,243,460,,,0,200,,244,460,,,0
801,'Week-end-01',849,,253,460,,,0,200,,254,460,,,0,196,,255,460,,,0,200,,256,460,,,0,200,,257,460,,,0,200,,258,460,,,0,202,,259,460,,,0,200,,260,460,,,0
