800,'Fête-1-01',935,,165,400,,,0,201,,166,400,,,0,200,,167,400,,,0,200,,168,400,,,0,201,,169,400,,,0,197,,170,400,,,0,199,,171,400,,,0,198,,172,400,,,0
800,'Fête-2-01',659,,174,400,,,0,68,,173,230,,,0,78,,175,400,,,0,40,,189,400,,,0,76,,184,400,,,0,99,,185,400,,,0,100,,176,400,,,0,105,,177,400,,,0,100,,186,400,,,0,105,,187,400,,,0,105,,188,400,,,0,100,,178,400,,,0,95,,179,400,,,0,112,,180,400,,,0,92,,181,400,,,0,195,,182,400,,,0,197,,183,400,,,0
800,'Semaine-01',659,,191,400,,,0,68,,190,230,,,0,78,,192,400,,,0,40,,206,400,,,0,76,,201,400,,,0,99,,202,400,,,0,100,,193,400,,,0,105,,194,400,,,0,100,,203,400,,,0,105,,204,400,,,0,105,,205,400,,,0,100,,195,400,,,0,95,,196,400,,,0,112,,197,400,,,0,92,,198,400,,,0,195,,199,400,,,0,197,,200,400,,,0
800,'Week-end-01',935,,207,400,,,0,201,,208,400,,,0,200,,209,400,,,0,200,,210,400,,,0,201,,211,400,,,0,197,,212,400,,,0,199,,213,400,,,0,198,,214,400,,,0
30000,'Fête-2-01',641,,778,530,,,0,198,,779,530,,,0,383,,780,530,,,0,399,,781,530,,,0,120,,782,530,,,0,95,,783,530,,,0,92,,784,530,,,0,492,,785,530,,,0
30000,'Semaine-01',641,,786,530,,,0,198,,787,530,,,0,383,,788,530,,,0,399,,789,530,,,0,120,,790,530,,,0,95,,791,530,,,0,92,,792,530,,,0,492,,793,530,,,0
40000,'Fête-1-01',817,,808,550,0,7,0,111,,809,550,0,7,0,101,,810,550,0,7,0,101,,811,550,0,7,0,100,,812,550,0,7,0,101,,813,550,0,7,0,102,,814,550,0,7,0,100,,815,550,0,7,0,100,,816,550,0,7,0,101,,817,550,0,7,0,100,,818,550,0,7,0,98,,819,550,0,7,0,100,,820,550,0,7,0,97,,821,550,0,7,0,100,,822,550,0,7,0,99,,823,550,0,7,0,100,,824,550,0,7,0,100,,825,550,0,7,0,100,,826,550,0,7,0
40000,'Fête-2-01',714,,842,550,0,10,0,43,,834,550,0,7,0,72,,866,550,0,10,0,24,,867,550,0,10,0,84,,835,550,0,7,0,80,,836,550,0,7,0,20,,849,550,0,7,0,93,,858,550,0,7,0,107,,827,550,0,7,0,100,,861,550,0,7,0,100,,862,550,0,7,0,80,,832,550,0,7,0,40,,863,550,0,7,0,70,,864,550,0,7,0,15,,865,550,0,7,0,15,,844,550,0,7,0,55,,845,550,0,7,0,10,,846,550,0,7,0,10,,847,550,0,7,0,69,,848,550,0,7,0,10,,850,550,0,7,0,17,,851,550,0,7,0,20,,852,550,0,7,0,59,,853,550,0,7,0,93,,854,550,0,7,0,25,,833,550,0,7,0,30,,855,550,0,7,0,70,,837,550,0,7,0,30,,856,550,0,7,0,70,,838,550,0,7,0,30,,857,550,0,7,0,70,,839,550,0,7,0,30,,859,550,0,7,0,165,,843,550,0,7,0,100,,860,550,0,7,0
40000,'Semaine-01',714,,883,550,0,10,0,43,,875,550,0,7,0,72,,907,550,0,10,0,24,,908,550,0,10,0,84,,876,550,0,7,0,80,,877,550,0,7,0,20,,890,550,0,7,0,93,,899,550,0,7,0,107,,868,550,0,7,0,100,,902,550,0,7,0,100,,903,550,0,7,0,80,,873,550,0,7,0,40,,904,550,0,7,0,70,,905,550,0,7,0,15,,906,550,0,7,0,15,,885,550,0,7,0,55,,886,550,0,7,0,10,,887,550,0,7,0,10,,888,550,0,7,0,69,,889,550,0,7,0,10,,891,550,0,7,0,17,,892,550,0,7,0,20,,893,550,0,7,0,59,,894,550,0,7,0,93,,895,550,0,7,0,25,,874,550,0,7,0,30,,896,550,0,7,0,70,,878,550,0,7,0,30,,897,550,0,7,0,70,,879,550,0,7,0,30,,898,550,0,7,0,70,,880,550,0,7,0,30,,900,550,0,7,0,165,,884,550,0,7,0,100,,901,550,0,7,0
40000,'Week-end-01',817,,909,550,0,7,0,111,,910,550,0,7,0,101,,911,550,0,7,0,101,,912,550,0,7,0,100,,913,550,0,7,0,101,,914,550,0,7,0,102,,915,550,0,7,0,100,,916,550,0,7,0,100,,917,550,0,7,0,101,,918,550,0,7,0,100,,919,550,0,7,0,98,,920,550,0,7,0,100,,921,550,0,7,0,97,,922,550,0,7,0,100,,923,550,0,7,0,99,,924,550,0,7,0,100,,925,550,0,7,0,100,,926,550,0,7,0,100,,927,550,0,7,0
