1100,'Fête-1-01',1001,,381,640,,,0,200,,382,640,,,0,200,,383,640,,,0,200,,384,640,,,0,200,,385,640,,,0,200,,386,640,,,0,200,,387,640,,,0,158,,388,640,,,0
1100,'Fête-2-01',701,,407,730,,,0,102,,390,730,,,0,105,,398,730,,,0,26,,399,640,,,0,97,,400,640,,,0,112,,401,640,,,0,100,,402,640,,,0,88,,403,640,,,0,100,,404,640,,,0,100,,405,640,,,0,111,,391,730,,,0,113,,392,730,,,0,90,,406,730,,,0,92,,389,640,,,0,100,,393,640,,,0,92,,394,640,,,0,100,,395,640,,,0,100,,396,640,,,0,98,,397,640,,,0
1100,'Semaine-01',701,,430,730,,,0,102,,411,730,,,0,105,,420,730,,,0,26,,421,640,,,0,97,,422,640,,,0,112,,423,640,,,0,100,,424,640,,,0,88,,425,640,,,0,100,,426,640,,,0,100,,427,640,,,0,111,,412,730,,,0,75,,409,730,,,0,38,,413,730,,,0,65,,414,730,,,0,25,,428,730,,,0,63,,429,730,,,0,29,,408,640,,,0,100,,415,640,,,0,92,,416,640,,,0,100,,417,640,,,0,100,,418,640,,,0,98,,419,640,,,0
1100,'Week-end-01',1001,,431,640,,,0,200,,432,640,,,0,200,,433,640,,,0,200,,434,640,,,0,200,,435,640,,,0,200,,436,640,,,0,200,,437,640,,,0,158,,438,640,,,0
1400,'Fête-1-01',753,,496,640,,,0,200,,497,640,,,0,200,,498,640,,,0,200,,499,640,,,0,200,,500,640,,,0,200,,501,640,,,0,200,,502,640,,,0,200,,503,640,,,0,198,,504,640,,,0,187,,505,550,,,0
1400,'Fête-2-01',705,,522,640,,,0,33,,506,640,,,0,95,,513,640,,,0,103,,514,640,,,0,103,,515,640,,,0,111,,516,640,,,0,100,,517,640,,,0,101,,518,640,,,0,100,,519,640,,,0,104,,520,640,,,0,101,,507,640,,,0,145,,508,640,,,0,46,,509,640,,,0,102,,510,640,,,0,193,,511,640,,,0,196,,512,640,,,0,194,,521,640,,,0
1400,'Semaine-01',705,,539,640,,,0,33,,523,640,,,0,95,,530,640,,,0,103,,531,640,,,0,103,,532,640,,,0,111,,533,640,,,0,100,,534,640,,,0,101,,535,640,,,0,100,,536,640,,,0,104,,537,640,,,0,101,,524,640,,,0,145,,525,640,,,0,46,,526,640,,,0,102,,527,640,,,0,193,,528,640,,,0,196,,529,640,,,0,194,,538,640,,,0
1400,'Week-end-01',753,,540,640,,,0,200,,541,640,,,0,200,,542,640,,,0,200,,543,640,,,0,200,,544,640,,,0,200,,545,640,,,0,200,,546,640,,,0,200,,547,640,,,0,198,,548,640,,,0,187,,549,550,,,0
10000,'Fête-2-01',1659,,713,690,,,0,68,,714,690,,,0,25,,718,690,,,0,82,,716,690,,,0,15,,715,690,,,0
10000,'Semaine-01',1659,,719,690,,,0,68,,720,690,,,0,25,,724,690,,,0,82,,722,690,,,0,15,,721,690,,,0
