900,'Fête-1-01',555,,261,50,,,0,158,,263,50,,,0,200,,264,50,,,0,200,,265,50,,,0,200,,266,50,,,0,200,,267,50,,,0,200,,268,50,,,0,200,,269,50,,,0,200,,270,50,,,0,198,,262,50,,,0
900,'Fête-2-01',447,,272,50,,,0,105,,283,50,,,0,74,,280,50,,,0,76,,284,50,,,0,55,,285,50,,,0,101,,273,50,,,0,100,,274,50,,,0,99,,286,50,,,0,150,,275,50,,,0,104,,287,50,,,0,96,,276,50,,,0,100,,271,50,,,0,114,,282,50,,,0,85,,281,50,,,0,104,,288,50,,,0,100,,277,50,,,0,98,,278,50,,,0,100,,289,50,,,0,100,,290,50,,,0,100,,279,50,,,0
900,'Semaine-01',447,,292,50,,,0,105,,303,50,,,0,74,,300,50,,,0,76,,304,50,,,0,55,,305,50,,,0,101,,293,50,,,0,100,,294,50,,,0,99,,306,50,,,0,150,,295,50,,,0,104,,307,50,,,0,96,,296,50,,,0,100,,291,50,,,0,114,,302,50,,,0,85,,301,50,,,0,104,,308,50,,,0,100,,297,50,,,0,98,,298,50,,,0,100,,309,50,,,0,100,,310,50,,,0,100,,299,50,,,0
900,'Week-end-01',555,,311,50,,,0,158,,313,50,,,0,200,,314,50,,,0,200,,315,50,,,0,200,,316,50,,,0,200,,317,50,,,0,200,,318,50,,,0,200,,319,50,,,0,200,,320,50,,,0,198,,312,50,,,0
1400,'Fête-1-01',712,,496,50,,,0,200,,497,50,,,0,200,,498,50,,,0,200,,499,50,,,0,200,,500,50,,,0,200,,501,50,,,0,200,,502,50,,,0,200,,503,50,,,0,198,,504,50,,,0,200,,505,50,,,0
1400,'Fête-2-01',627,,522,50,,,0,73,,506,50,,,0,52,,513,50,,,0,105,,514,50,,,0,143,,515,50,,,0,111,,516,50,,,0,100,,517,50,,,0,100,,518,50,,,0,100,,519,50,,,0,100,,520,50,,,0,100,,507,50,,,0,110,,508,50,,,0,90,,509,50,,,0,102,,510,50,,,0,195,,511,50,,,0,198,,512,50,,,0,195,,521,50,,,0
1400,'Semaine-01',627,,539,50,,,0,73,,523,50,,,0,52,,530,50,,,0,105,,531,50,,,0,143,,532,50,,,0,111,,533,50,,,0,100,,534,50,,,0,100,,535,50,,,0,100,,536,50,,,0,100,,537,50,,,0,100,,524,50,,,0,110,,525,50,,,0,90,,526,50,,,0,102,,527,50,,,0,195,,528,50,,,0,198,,529,50,,,0,195,,538,50,,,0
1400,'Week-end-01',712,,540,50,,,0,200,,541,50,,,0,200,,542,50,,,0,200,,543,50,,,0,200,,544,50,,,0,200,,545,50,,,0,200,,546,50,,,0,200,,547,50,,,0,198,,548,50,,,0,200,,549,50,,,0
10000,'Fête-2-01',1629,,713,190,,,0,28,,714,190,,,0,65,,718,190,,,0,84,,716,190,,,0,15,,715,190,,,0,30,,717,190,,,0
10000,'Semaine-01',1629,,719,190,,,0,28,,720,190,,,0,65,,724,190,,,0,84,,722,190,,,0,15,,721,190,,,0,30,,723,190,,,0
