101,'Fête-2-01',610,,76,80,,,0,91,,77,80,,,0,57,,71,80,,,0,142,,63,80,,,0,58,,64,80,,,0,100,,65,80,,,0,145,,66,80,,,0,102,,67,80,,,0,100,,68,80,,,0,100,,62,80,,,0,99,,72,80,,,0,40,,61,80,,,0,71,,74,80,,,0,100,,75,80,,,0,196,,69,80,,,0,197,,70,80,,,0
101,'Semaine-01',610,,93,80,,,0,91,,94,80,,,0,57,,88,80,,,0,142,,80,80,,,0,58,,81,80,,,0,100,,82,80,,,0,145,,83,80,,,0,102,,84,80,,,0,100,,85,80,,,0,100,,79,80,,,0,99,,89,80,,,0,40,,78,80,,,0,71,,91,80,,,0,100,,92,80,,,0,196,,86,80,,,0,197,,87,80,,,0
201,'Fête-2-01',747,,123,350,,,0,157,,121,350,,,0,205,,126,220,,,0,207,,124,350,,,0,239,,127,220,,,0,249,,125,350,,,0,121,,122,350,,,0
201,'Semaine-01',747,,132,350,,,0,157,,130,350,,,0,205,,135,220,,,0,207,,133,350,,,0,239,,136,220,,,0,249,,134,350,,,0,121,,131,350,,,0
801,'Fête-1-01',821,,215,80,,,0,200,,216,80,,,0,196,,217,80,,,0,200,,218,80,,,0,200,,219,80,,,0,200,,220,80,,,0,202,,221,80,,,0,200,,222,80,,,0
801,'Fête-2-01',757,,230,80,,,0,152,,231,80,,,0,100,,232,80,,,0,103,,233,80,,,0,103,,234,80,,,0,104,,235,80,,,0,101,,236,80,,,0,95,,223,80,,,0,104,,224,80,,,0,29,,225,90,,,0,68,,226,80,,,0,102,,227,80,,,0,195,,228,80,,,0,201,,229,80,,,0
801,'Semaine-01',757,,245,80,,,0,152,,246,80,,,0,100,,247,80,,,0,103,,248,80,,,0,103,,249,80,,,0,104,,250,80,,,0,101,,251,80,,,0,95,,238,80,,,0,104,,239,80,,,0,29,,240,90,,,0,68,,241,80,,,0,102,,242,80,,,0,195,,243,80,,,0,201,,244,80,,,0
801,'Week-end-01',821,,253,80,,,0,200,,254,80,,,0,196,,255,80,,,0,200,,256,80,,,0,200,,257,80,,,0,200,,258,80,,,0,202,,259,80,,,0,200,,260,80,,,0
1101,'Fête-1-01',811,,439,80,,,0,198,,440,80,,,0,200,,441,80,,,0,200,,442,80,,,0,200,,443,80,,,0,200,,444,80,,,0,200,,445,80,,,0,200,,446,80,,,0
1101,'Fête-2-01',730,,448,80,,,0,173,,456,80,,,0,100,,457,80,,,0,99,,458,80,,,0,100,,459,80,,,0,100,,460,80,,,0,101,,461,80,,,0,100,,462,80,,,0,100,,463,80,,,0,116,,449,80,,,0,100,,450,80,,,0,85,,451,80,,,0,98,,452,80,,,0,101,,453,80,,,0,100,,454,80,,,0,100,,455,80,,,0
1101,'Semaine-01',730,,468,80,,,0,173,,476,80,,,0,100,,477,80,,,0,99,,478,80,,,0,100,,479,80,,,0,100,,480,80,,,0,101,,481,80,,,0,100,,482,80,,,0,100,,483,80,,,0,41,,486,80,,,0,75,,469,80,,,0,100,,470,80,,,0,85,,471,80,,,0,98,,472,80,,,0,101,,473,80,,,0,100,,474,80,,,0,100,,475,80,,,0
1101,'Week-end-01',811,,488,80,,,0,198,,489,80,,,0,200,,490,80,,,0,200,,491,80,,,0,200,,492,80,,,0,200,,493,80,,,0,200,,494,80,,,0,200,,495,80,,,0
1401,'Fête-1-01',622,,550,250,,,0,200,,551,250,,,0,200,,552,250,,,0,198,,553,250,,,0,200,,554,250,,,0,196,,555,250,,,0,200,,556,250,,,0,206,,557,250,,,0,200,,558,250,,,0
1401,'Fête-2-01',614,,560,250,,,0,87,,567,250,,,0,104,,568,250,,,0,106,,569,250,,,0,100,,570,250,,,0,100,,571,250,,,0,99,,572,250,,,0,100,,573,250,,,0,100,,574,250,,,0,101,,561,250,,,0,100,,562,250,,,0,30,,559,250,,,0,73,,563,250,,,0,103,,564,250,,,0,195,,565,250,,,0,203,,566,250,,,0
1401,'Semaine-01',614,,577,250,,,0,87,,584,250,,,0,38,,576,250,,,0,66,,585,250,,,0,106,,586,250,,,0,100,,587,250,,,0,100,,588,250,,,0,99,,589,250,,,0,100,,590,250,,,0,100,,591,250,,,0,101,,578,250,,,0,100,,579,250,,,0,30,,575,250,,,0,73,,580,250,,,0,103,,581,250,,,0,195,,582,250,,,0,203,,583,250,,,0
1401,'Week-end-01',622,,592,250,,,0,200,,593,250,,,0,200,,594,250,,,0,198,,595,250,,,0,200,,596,250,,,0,196,,597,250,,,0,200,,598,250,,,0,206,,599,250,,,0,200,,600,250,,,0
10001,'Fête-2-01',439,,730,80,,,0,70,,726,350,,,0,48,,729,350,,,0,77,,727,350,,,0,71,,728,350,,,0
10001,'Semaine-01',439,,737,80,,,0,70,,732,350,,,0,48,,735,350,,,0,77,,733,350,,,0,71,,734,350,,,0
40001,'Fête-2-01',1647,,992,80,,,0,66,,964,80,,,0,106,,965,80,,,0
40001,'Semaine-01',1647,,1039,80,,,0,66,,1011,80,,,0,106,,1012,80,,,0
