100,'Fête-2-01',741,,10,350,,,0,101,,20,590,,,0,60,,9,350,,,0,43,,11,640,,,0,100,,12,640,,,0,100,,13,640,,,0,161,,14,640,,,0,101,,15,640,,,0,100,,16,640,,,0,93,,22,640,,,0,101,,17,640,,,0,54,,18,640,,,0,146,,23,640,,,0,101,,24,640,,,0,155,,25,640,,,0,197,,26,640,,,0
100,'Semaine-01',741,,28,350,,,0,101,,38,590,,,0,60,,27,350,,,0,43,,29,640,,,0,100,,30,640,,,0,100,,31,640,,,0,161,,32,640,,,0,101,,33,640,,,0,100,,34,640,,,0,93,,40,640,,,0,101,,35,640,,,0,54,,36,640,,,0,146,,41,640,,,0,101,,42,640,,,0,155,,43,640,,,0,197,,44,640,,,0
200,'Fête-2-01',1030,,110,120,0,8,0,174,,104,120,,,0,309,,111,120,0,8,0,131,,105,120,,,0,177,,106,120,,,0
200,'Semaine-01',1030,,119,120,0,8,0,174,,113,120,,,0,309,,120,120,0,8,0,131,,114,120,,,0,177,,115,120,,,0
600,'Fête-2-01',539,,153,280,,,0,109,,151,280,,,0,207,,152,280,,,0
600,'Semaine-01',539,,156,280,,,0,109,,154,280,,,0,207,,155,280,,,0
800,'Fête-1-01',946,,165,550,,,0,201,,166,550,,,0,200,,167,550,,,0,200,,168,550,,,0,201,,169,550,,,0,197,,170,550,,,0,199,,171,550,,,0,198,,172,550,,,0
800,'Fête-2-01',710,,174,550,,,0,33,,173,380,,,0,78,,175,550,,,0,79,,189,550,,,0,35,,184,550,,,0,99,,185,550,,,0,100,,176,550,,,0,105,,177,550,,,0,98,,186,550,,,0,105,,187,550,,,0,106,,188,550,,,0,102,,178,550,,,0,91,,179,550,,,0,111,,180,550,,,0,92,,181,550,,,0,194,,182,550,,,0,197,,183,550,,,0
800,'Semaine-01',710,,191,550,,,0,33,,190,380,,,0,78,,192,550,,,0,79,,206,550,,,0,35,,201,550,,,0,99,,202,550,,,0,100,,193,550,,,0,105,,194,550,,,0,98,,203,550,,,0,105,,204,550,,,0,106,,205,550,,,0,102,,195,550,,,0,91,,196,550,,,0,111,,197,550,,,0,92,,198,550,,,0,194,,199,550,,,0,197,,200,550,,,0
800,'Week-end-01',946,,207,550,,,0,201,,208,550,,,0,200,,209,550,,,0,200,,210,550,,,0,201,,211,550,,,0,197,,212,550,,,0,199,,213,550,,,0,198,,214,550,,,0
1100,'Fête-1-01',952,,381,510,,,0,200,,382,510,,,0,200,,383,510,,,0,200,,384,510,,,0,200,,385,510,,,0,200,,386,510,,,0,200,,387,510,,,0,198,,388,510,,,0
1100,'Fête-2-01',641,,407,510,,,0,102,,390,510,,,0,104,,398,510,,,0,77,,399,510,,,0,98,,400,510,,,0,112,,401,510,,,0,100,,402,510,,,0,88,,403,510,,,0,100,,404,510,,,0,100,,405,510,,,0,100,,391,510,,,0,114,,392,510,,,0,90,,406,510,,,0,102,,389,510,,,0,100,,393,510,,,0,93,,394,510,,,0,100,,395,510,,,0,100,,396,510,,,0,98,,397,510,,,0
1100,'Semaine-01',641,,430,510,,,0,102,,411,510,,,0,101,,410,370,,,0,3,,420,510,,,0,77,,421,510,,,0,98,,422,510,,,0,112,,423,510,,,0,100,,424,510,,,0,88,,425,510,,,0,100,,426,510,,,0,100,,427,510,,,0,100,,412,510,,,0,34,,409,510,,,0,80,,413,510,,,0,65,,414,510,,,0,25,,428,510,,,0,23,,429,510,,,0,79,,408,510,,,0,100,,415,510,,,0,93,,416,510,,,0,100,,417,510,,,0,100,,418,510,,,0,98,,419,510,,,0
1100,'Week-end-01',952,,431,510,,,0,200,,432,510,,,0,200,,433,510,,,0,200,,434,510,,,0,200,,435,510,,,0,200,,436,510,,,0,200,,437,510,,,0,198,,438,510,,,0
1400,'Fête-1-01',748,,496,530,,,0,200,,497,530,,,0,200,,498,530,,,0,200,,499,530,,,0,200,,500,530,,,0,200,,501,530,,,0,200,,502,530,,,0,200,,503,530,,,0,198,,504,530,,,0,187,,505,440,,,0
1400,'Fête-2-01',659,,522,530,,,0,73,,506,530,,,0,94,,513,530,,,0,104,,514,530,,,0,103,,515,530,,,0,111,,516,530,,,0,100,,517,530,,,0,101,,518,530,,,0,100,,519,530,,,0,103,,520,530,,,0,101,,507,530,,,0,107,,508,530,,,0,86,,509,530,,,0,102,,510,530,,,0,193,,511,530,,,0,196,,512,530,,,0,194,,521,530,,,0
1400,'Semaine-01',659,,539,530,,,0,73,,523,530,,,0,94,,530,530,,,0,104,,531,530,,,0,103,,532,530,,,0,111,,533,530,,,0,100,,534,530,,,0,101,,535,530,,,0,100,,536,530,,,0,103,,537,530,,,0,101,,524,530,,,0,107,,525,530,,,0,86,,526,530,,,0,102,,527,530,,,0,193,,528,530,,,0,196,,529,530,,,0,194,,538,530,,,0
1400,'Week-end-01',748,,540,530,,,0,200,,541,530,,,0,200,,542,530,,,0,200,,543,530,,,0,200,,544,530,,,0,200,,545,530,,,0,200,,546,530,,,0,200,,547,530,,,0,198,,548,530,,,0,187,,549,440,,,0
10000,'Fête-2-01',1652,,713,580,,,0,68,,714,580,,,0,25,,718,580,,,0,82,,716,580,,,0,15,,715,580,,,0,69,,717,580,,,0
10000,'Semaine-01',1652,,719,580,,,0,68,,720,580,,,0,25,,724,580,,,0,82,,722,580,,,0,15,,721,580,,,0,69,,723,580,,,0
40000,'Fête-2-01',729,,842,700,,,0,116,,866,700,,,0,64,,867,700,,,0
40000,'Semaine-01',729,,883,700,,,0,116,,907,700,,,0,64,,908,700,,,0
