201,'Fête-2-01',741,,123,260,,,0,116,,121,260,,,0,245,,126,130,,,0,207,,124,260,,,0,239,,127,130,,,0,209,,125,260,,,0,163,,122,260,,,0
201,'Semaine-01',741,,132,260,,,0,116,,130,260,,,0,245,,135,130,,,0,207,,133,260,,,0,239,,136,130,,,0,209,,134,260,,,0,163,,131,260,,,0
1100,'Fête-1-01',1006,,381,730,,,0,200,,382,730,,,0,200,,383,730,,,0,200,,384,730,,,0,200,,385,730,,,0,200,,386,730,,,0,200,,387,730,,,0,198,,388,730,,,0
1100,'Fête-2-01',708,,407,820,,,0,102,,390,820,,,0,107,,398,820,,,0,24,,399,730,,,0,97,,400,730,,,0,112,,401,730,,,0,100,,402,730,,,0,88,,403,730,,,0,100,,404,730,,,0,101,,405,730,,,0,111,,391,820,,,0,153,,392,820,,,0,49,,406,820,,,0,92,,389,730,,,0,100,,393,730,,,0,92,,394,730,,,0,100,,395,730,,,0,100,,396,730,,,0,98,,397,730,,,0
1100,'Semaine-01',708,,430,820,,,0,102,,411,820,,,0,107,,420,820,,,0,24,,421,730,,,0,97,,422,730,,,0,112,,423,730,,,0,100,,424,730,,,0,88,,425,730,,,0,100,,426,730,,,0,101,,427,730,,,0,111,,412,820,,,0,76,,409,820,,,0,77,,413,820,,,0,25,,414,820,,,0,24,,428,820,,,0,63,,429,820,,,0,29,,408,730,,,0,100,,415,730,,,0,92,,416,730,,,0,100,,417,730,,,0,100,,418,730,,,0,98,,419,730,,,0
1100,'Week-end-01',1006,,431,730,,,0,200,,432,730,,,0,200,,433,730,,,0,200,,434,730,,,0,200,,435,730,,,0,200,,436,730,,,0,200,,437,730,,,0,198,,438,730,,,0
1401,'Fête-1-01',617,,550,160,,,0,200,,551,160,,,0,200,,552,160,,,0,198,,553,160,,,0,200,,554,160,,,0,196,,555,160,,,0,200,,556,160,,,0,206,,557,160,,,0,200,,558,160,,,0
1401,'Fête-2-01',610,,560,160,,,0,47,,567,160,,,0,143,,568,160,,,0,106,,569,160,,,0,100,,570,160,,,0,100,,571,160,,,0,99,,572,160,,,0,100,,573,160,,,0,100,,574,160,,,0,101,,561,160,,,0,99,,562,160,,,0,30,,559,160,,,0,73,,563,160,,,0,105,,564,160,,,0,195,,565,160,,,0,203,,566,160,,,0
1401,'Semaine-01',610,,577,160,,,0,47,,584,160,,,0,78,,576,160,,,0,65,,585,160,,,0,106,,586,160,,,0,100,,587,160,,,0,100,,588,160,,,0,99,,589,160,,,0,100,,590,160,,,0,100,,591,160,,,0,101,,578,160,,,0,99,,579,160,,,0,30,,575,160,,,0,73,,580,160,,,0,105,,581,160,,,0,195,,582,160,,,0,203,,583,160,,,0
1401,'Week-end-01',617,,592,160,,,0,200,,593,160,,,0,200,,594,160,,,0,198,,595,160,,,0,200,,596,160,,,0,196,,597,160,,,0,200,,598,160,,,0,206,,599,160,,,0,200,,600,160,,,0
10001,'Fête-2-01',505,,726,260,,,0,48,,729,260,,,0,77,,727,260,,,0,71,,728,260,,,0
10001,'Semaine-01',505,,732,260,,,0,48,,735,260,,,0,77,,733,260,,,0,71,,734,260,,,0
