101,'Fête-2-01',609,,76,50,,,0,91,,77,50,,,0,57,,71,50,,,0,102,,63,50,,,0,98,,64,50,,,0,100,,65,50,,,0,145,,66,50,,,0,102,,67,50,,,0,100,,68,50,,,0,100,,62,50,,,0,99,,72,50,,,0,40,,61,50,,,0,71,,74,50,,,0,100,,75,50,,,0,196,,69,50,,,0,197,,70,50,,,0
101,'Semaine-01',609,,93,50,,,0,91,,94,50,,,0,57,,88,50,,,0,102,,80,50,,,0,98,,81,50,,,0,100,,82,50,,,0,145,,83,50,,,0,102,,84,50,,,0,100,,85,50,,,0,100,,79,50,,,0,99,,89,50,,,0,40,,78,50,,,0,71,,91,50,,,0,100,,92,50,,,0,196,,86,50,,,0,197,,87,50,,,0
801,'Fête-1-01',820,,215,50,,,0,200,,216,50,,,0,196,,217,50,,,0,200,,218,50,,,0,200,,219,50,,,0,200,,220,50,,,0,202,,221,50,,,0,200,,222,50,,,0
801,'Fête-2-01',755,,230,50,,,0,152,,231,50,,,0,100,,232,50,,,0,103,,233,50,,,0,103,,234,50,,,0,104,,235,50,,,0,101,,236,50,,,0,95,,223,50,,,0,104,,224,50,,,0,29,,225,60,,,0,68,,226,50,,,0,103,,227,50,,,0,195,,228,50,,,0,201,,229,50,,,0
801,'Semaine-01',755,,245,50,,,0,152,,246,50,,,0,100,,247,50,,,0,103,,248,50,,,0,103,,249,50,,,0,104,,250,50,,,0,101,,251,50,,,0,95,,238,50,,,0,104,,239,50,,,0,29,,240,60,,,0,68,,241,50,,,0,103,,242,50,,,0,195,,243,50,,,0,201,,244,50,,,0
801,'Week-end-01',820,,253,50,,,0,200,,254,50,,,0,196,,255,50,,,0,200,,256,50,,,0,200,,257,50,,,0,200,,258,50,,,0,202,,259,50,,,0,200,,260,50,,,0
1101,'Fête-1-01',809,,439,50,,,0,198,,440,50,,,0,200,,441,50,,,0,200,,442,50,,,0,200,,443,50,,,0,200,,444,50,,,0,200,,445,50,,,0,200,,446,50,,,0
1101,'Fête-2-01',728,,448,50,,,0,173,,456,50,,,0,100,,457,50,,,0,99,,458,50,,,0,100,,459,50,,,0,100,,460,50,,,0,101,,461,50,,,0,100,,462,50,,,0,100,,463,50,,,0,116,,449,50,,,0,100,,450,50,,,0,85,,451,50,,,0,98,,452,50,,,0,101,,453,50,,,0,100,,454,50,,,0,100,,455,50,,,0
1101,'Semaine-01',728,,468,50,,,0,173,,476,50,,,0,100,,477,50,,,0,99,,478,50,,,0,100,,479,50,,,0,100,,480,50,,,0,101,,481,50,,,0,100,,482,50,,,0,100,,483,50,,,0,41,,486,50,,,0,75,,469,50,,,0,100,,470,50,,,0,85,,471,50,,,0,98,,472,50,,,0,101,,473,50,,,0,100,,474,50,,,0,100,,475,50,,,0
1101,'Week-end-01',809,,488,50,,,0,198,,489,50,,,0,200,,490,50,,,0,200,,491,50,,,0,200,,492,50,,,0,200,,493,50,,,0,200,,494,50,,,0,200,,495,50,,,0
