100,'Fête-2-01',740,,10,330,,,0,101,,20,570,,,0,60,,9,330,,,0,43,,11,620,,,0,100,,12,620,,,0,100,,13,620,,,0,161,,14,620,,,0,101,,15,620,,,0,100,,16,620,,,0,53,,22,620,,,0,141,,17,620,,,0,54,,18,620,,,0,146,,23,620,,,0,101,,24,620,,,0,155,,25,620,,,0,197,,26,620,,,0
100,'Semaine-01',740,,28,330,,,0,101,,38,570,,,0,60,,27,330,,,0,43,,29,620,,,0,100,,30,620,,,0,100,,31,620,,,0,161,,32,620,,,0,101,,33,620,,,0,100,,34,620,,,0,53,,40,620,,,0,141,,35,620,,,0,54,,36,620,,,0,146,,41,620,,,0,101,,42,620,,,0,155,,43,620,,,0,197,,44,620,,,0
200,'Fête-2-01',1029,,110,100,0,8,0,174,,104,100,0,11,0,309,,111,100,0,8,0,131,,105,100,0,11,0,177,,106,100,0,11,0
200,'Semaine-01',1029,,119,100,0,8,0,174,,113,100,0,11,0,309,,120,100,0,8,0,131,,114,100,0,11,0,177,,115,100,0,11,0
800,'Fête-1-01',945,,165,530,,,0,201,,166,530,,,0,200,,167,530,,,0,200,,168,530,,,0,201,,169,530,,,0,197,,170,530,,,0,199,,171,530,,,0,198,,172,530,,,0
800,'Fête-2-01',709,,174,530,,,0,33,,173,360,,,0,78,,175,530,,,0,39,,189,530,,,0,75,,184,530,,,0,99,,185,530,,,0,100,,176,530,,,0,105,,177,530,,,0,98,,186,530,,,0,105,,187,530,,,0,106,,188,530,,,0,102,,178,530,,,0,91,,179,530,,,0,111,,180,530,,,0,92,,181,530,,,0,195,,182,530,,,0,197,,183,530,,,0
800,'Semaine-01',709,,191,530,,,0,33,,190,360,,,0,78,,192,530,,,0,39,,206,530,,,0,75,,201,530,,,0,99,,202,530,,,0,100,,193,530,,,0,105,,194,530,,,0,98,,203,530,,,0,105,,204,530,,,0,106,,205,530,,,0,102,,195,530,,,0,91,,196,530,,,0,111,,197,530,,,0,92,,198,530,,,0,195,,199,530,,,0,197,,200,530,,,0
800,'Week-end-01',945,,207,530,,,0,201,,208,530,,,0,200,,209,530,,,0,200,,210,530,,,0,201,,211,530,,,0,197,,212,530,,,0,199,,213,530,,,0,198,,214,530,,,0
1100,'Fête-1-01',951,,381,490,,,0,200,,382,490,,,0,200,,383,490,,,0,200,,384,490,,,0,200,,385,490,,,0,200,,386,490,,,0,200,,387,490,,,0,198,,388,490,,,0
1100,'Fête-2-01',640,,407,490,,,0,102,,390,490,,,0,103,,398,490,,,0,78,,399,490,,,0,98,,400,490,,,0,112,,401,490,,,0,100,,402,490,,,0,88,,403,490,,,0,100,,404,490,,,0,100,,405,490,,,0,100,,391,490,,,0,113,,392,490,,,0,90,,406,490,,,0,103,,389,490,,,0,100,,393,490,,,0,93,,394,490,,,0,100,,395,490,,,0,100,,396,490,,,0,98,,397,490,,,0
1100,'Semaine-01',640,,430,490,,,0,102,,411,490,,,0,100,,410,350,,,0,3,,420,490,,,0,78,,421,490,,,0,98,,422,490,,,0,112,,423,490,,,0,100,,424,490,,,0,88,,425,490,,,0,100,,426,490,,,0,100,,427,490,,,0,100,,412,490,,,0,34,,409,490,,,0,79,,413,490,,,0,25,,414,490,,,0,65,,428,490,,,0,24,,429,490,,,0,79,,408,490,,,0,100,,415,490,,,0,93,,416,490,,,0,100,,417,490,,,0,100,,418,490,,,0,98,,419,490,,,0
1100,'Week-end-01',951,,431,490,,,0,200,,432,490,,,0,200,,433,490,,,0,200,,434,490,,,0,200,,435,490,,,0,200,,436,490,,,0,200,,437,490,,,0,198,,438,490,,,0
1400,'Fête-1-01',748,,496,510,,,0,200,,497,510,,,0,200,,498,510,,,0,200,,499,510,,,0,200,,500,510,,,0,200,,501,510,,,0,200,,502,510,,,0,200,,503,510,,,0,198,,504,510,,,0,187,,505,420,,,0
1400,'Fête-2-01',658,,522,510,,,0,73,,506,510,,,0,94,,513,510,,,0,104,,514,510,,,0,103,,515,510,,,0,111,,516,510,,,0,100,,517,510,,,0,101,,518,510,,,0,100,,519,510,,,0,103,,520,510,,,0,101,,507,510,,,0,107,,508,510,,,0,87,,509,510,,,0,102,,510,510,,,0,193,,511,510,,,0,196,,512,510,,,0,194,,521,510,,,0
1400,'Semaine-01',658,,539,510,,,0,73,,523,510,,,0,94,,530,510,,,0,104,,531,510,,,0,103,,532,510,,,0,111,,533,510,,,0,100,,534,510,,,0,101,,535,510,,,0,100,,536,510,,,0,103,,537,510,,,0,101,,524,510,,,0,107,,525,510,,,0,87,,526,510,,,0,102,,527,510,,,0,193,,528,510,,,0,196,,529,510,,,0,194,,538,510,,,0
1400,'Week-end-01',748,,540,510,,,0,200,,541,510,,,0,200,,542,510,,,0,200,,543,510,,,0,200,,544,510,,,0,200,,545,510,,,0,200,,546,510,,,0,200,,547,510,,,0,198,,548,510,,,0,187,,549,420,,,0
10000,'Fête-2-01',1651,,713,560,,,0,68,,714,560,,,0,25,,718,560,,,0,82,,716,560,,,0,15,,715,560,,,0,69,,717,560,,,0
10000,'Semaine-01',1651,,719,560,,,0,68,,720,560,,,0,25,,724,560,,,0,82,,722,560,,,0,15,,721,560,,,0,69,,723,560,,,0
40000,'Fête-2-01',727,,842,680,0,10,0,116,,866,680,0,10,0,64,,867,680,0,10,0
40000,'Semaine-01',727,,883,680,0,10,0,116,,907,680,0,10,0,64,,908,680,0,10,0
