200,'Fête-2-01',1032,,110,160,0,8,0,174,,104,160,,,0,310,,111,160,0,8,0,132,,105,160,,,0,176,,106,160,,,0
200,'Semaine-01',1032,,119,160,0,8,0,174,,113,160,,,0,310,,120,160,0,8,0,132,,114,160,,,0,176,,115,160,,,0
1100,'Fête-1-01',955,,381,550,,,0,200,,382,550,,,0,200,,383,550,,,0,200,,384,550,,,0,200,,385,550,,,0,200,,386,550,,,0,200,,387,550,,,0,198,,388,550,,,0
1100,'Fête-2-01',644,,407,550,,,0,102,,390,550,,,0,104,,398,550,,,0,78,,399,550,,,0,97,,400,550,,,0,112,,401,550,,,0,100,,402,550,,,0,88,,403,550,,,0,100,,404,550,,,0,100,,405,550,,,0,100,,391,550,,,0,114,,392,550,,,0,90,,406,550,,,0,102,,389,550,,,0,100,,393,550,,,0,92,,394,550,,,0,100,,395,550,,,0,100,,396,550,,,0,98,,397,550,,,0
1100,'Semaine-01',644,,430,550,,,0,102,,411,550,,,0,104,,420,550,,,0,78,,421,550,,,0,97,,422,550,,,0,112,,423,550,,,0,100,,424,550,,,0,88,,425,550,,,0,100,,426,550,,,0,100,,427,550,,,0,100,,412,550,,,0,75,,409,550,,,0,39,,413,550,,,0,65,,414,550,,,0,25,,428,550,,,0,23,,429,550,,,0,79,,408,550,,,0,100,,415,550,,,0,92,,416,550,,,0,100,,417,550,,,0,100,,418,550,,,0,98,,419,550,,,0
1100,'Week-end-01',955,,431,550,,,0,200,,432,550,,,0,200,,433,550,,,0,200,,434,550,,,0,200,,435,550,,,0,200,,436,550,,,0,200,,437,550,,,0,198,,438,550,,,0
1400,'Fête-1-01',750,,496,570,,,0,200,,497,570,,,0,200,,498,570,,,0,200,,499,570,,,0,200,,500,570,,,0,200,,501,570,,,0,200,,502,570,,,0,200,,503,570,,,0,198,,504,570,,,0,187,,505,480,,,0
1400,'Fête-2-01',701,,522,570,,,0,33,,506,570,,,0,94,,513,570,,,0,104,,514,570,,,0,103,,515,570,,,0,111,,516,570,,,0,100,,517,570,,,0,101,,518,570,,,0,100,,519,570,,,0,103,,520,570,,,0,101,,507,570,,,0,107,,508,570,,,0,86,,509,570,,,0,102,,510,570,,,0,193,,511,570,,,0,196,,512,570,,,0,194,,521,570,,,0
1400,'Semaine-01',701,,539,570,,,0,33,,523,570,,,0,94,,530,570,,,0,104,,531,570,,,0,103,,532,570,,,0,111,,533,570,,,0,100,,534,570,,,0,101,,535,570,,,0,100,,536,570,,,0,103,,537,570,,,0,101,,524,570,,,0,107,,525,570,,,0,86,,526,570,,,0,102,,527,570,,,0,193,,528,570,,,0,196,,529,570,,,0,194,,538,570,,,0
1400,'Week-end-01',750,,540,570,,,0,200,,541,570,,,0,200,,542,570,,,0,200,,543,570,,,0,200,,544,570,,,0,200,,545,570,,,0,200,,546,570,,,0,200,,547,570,,,0,198,,548,570,,,0,187,,549,480,,,0
10000,'Fête-2-01',1654,,713,620,,,0,68,,714,620,,,0,25,,718,620,,,0,82,,716,620,,,0,15,,715,620,,,0
10000,'Semaine-01',1654,,719,620,,,0,68,,720,620,,,0,25,,724,620,,,0,82,,722,620,,,0,15,,721,620,,,0
