101,'Fête-2-01',607,,76,20,,,0,51,,77,20,,,0,97,,71,20,,,0,102,,63,20,,,0,98,,64,20,,,0,100,,65,20,,,0,145,,66,20,,,0,102,,67,20,,,0,100,,68,20,,,0,100,,62,20,,,0,99,,72,20,,,0,111,,74,20,,,0,100,,75,20,,,0,196,,69,20,,,0,197,,70,20,,,0
101,'Semaine-01',607,,93,20,,,0,51,,94,20,,,0,97,,88,20,,,0,102,,80,20,,,0,98,,81,20,,,0,100,,82,20,,,0,145,,83,20,,,0,102,,84,20,,,0,100,,85,20,,,0,100,,79,20,,,0,99,,89,20,,,0,111,,91,20,,,0,100,,92,20,,,0,196,,86,20,,,0,197,,87,20,,,0
801,'Fête-1-01',818,,215,20,,,0,200,,216,20,,,0,196,,217,20,,,0,200,,218,20,,,0,200,,219,20,,,0,200,,220,20,,,0,202,,221,20,,,0,200,,222,20,,,0
801,'Fête-2-01',753,,230,20,,,0,152,,231,20,,,0,100,,232,20,,,0,103,,233,20,,,0,103,,234,20,,,0,104,,235,20,,,0,101,,236,20,,,0,95,,223,20,,,0,104,,224,20,,,0,29,,225,30,,,0,68,,226,20,,,0,103,,227,20,,,0,195,,228,20,,,0,201,,229,20,,,0
801,'Semaine-01',753,,245,20,,,0,152,,246,20,,,0,100,,247,20,,,0,103,,248,20,,,0,103,,249,20,,,0,104,,250,20,,,0,101,,251,20,,,0,95,,238,20,,,0,104,,239,20,,,0,29,,240,30,,,0,68,,241,20,,,0,103,,242,20,,,0,195,,243,20,,,0,201,,244,20,,,0
801,'Week-end-01',818,,253,20,,,0,200,,254,20,,,0,196,,255,20,,,0,200,,256,20,,,0,200,,257,20,,,0,200,,258,20,,,0,202,,259,20,,,0,200,,260,20,,,0
1101,'Fête-1-01',807,,439,20,,,0,198,,440,20,,,0,200,,441,20,,,0,200,,442,20,,,0,200,,443,20,,,0,200,,444,20,,,0,200,,445,20,,,0,200,,446,20,,,0
1101,'Fête-2-01',725,,448,20,,,0,133,,456,20,,,0,100,,457,20,,,0,100,,458,20,,,0,100,,459,20,,,0,100,,460,20,,,0,100,,461,20,,,0,100,,462,20,,,0,100,,463,20,,,0,157,,449,20,,,0,100,,450,20,,,0,85,,451,20,,,0,58,,452,20,,,0,100,,453,20,,,0,100,,454,20,,,0,100,,455,20,,,0
1101,'Semaine-01',725,,468,20,,,0,133,,476,20,,,0,100,,477,20,,,0,100,,478,20,,,0,100,,479,20,,,0,100,,480,20,,,0,100,,481,20,,,0,100,,482,20,,,0,100,,483,20,,,0,157,,469,20,,,0,100,,470,20,,,0,85,,471,20,,,0,58,,472,20,,,0,100,,473,20,,,0,100,,474,20,,,0,100,,475,20,,,0
1101,'Week-end-01',807,,488,20,,,0,198,,489,20,,,0,200,,490,20,,,0,200,,491,20,,,0,200,,492,20,,,0,200,,493,20,,,0,200,,494,20,,,0,200,,495,20,,,0
