800,'Fête-1-01',938,,165,440,,,0,201,,166,440,,,0,200,,167,440,,,0,200,,168,440,,,0,201,,169,440,,,0,197,,170,440,,,0,199,,171,440,,,0,198,,172,440,,,0
800,'Fête-2-01',701,,174,440,,,0,30,,173,270,,,0,78,,175,440,,,0,39,,189,440,,,0,75,,184,440,,,0,99,,185,440,,,0,100,,176,440,,,0,105,,177,440,,,0,100,,186,440,,,0,105,,187,440,,,0,105,,188,440,,,0,100,,178,440,,,0,95,,179,440,,,0,112,,180,440,,,0,92,,181,440,,,0,195,,182,440,,,0,197,,183,440,,,0
800,'Semaine-01',701,,191,440,,,0,30,,190,270,,,0,78,,192,440,,,0,39,,206,440,,,0,75,,201,440,,,0,99,,202,440,,,0,100,,193,440,,,0,105,,194,440,,,0,100,,203,440,,,0,105,,204,440,,,0,105,,205,440,,,0,100,,195,440,,,0,95,,196,440,,,0,112,,197,440,,,0,92,,198,440,,,0,195,,199,440,,,0,197,,200,440,,,0
800,'Week-end-01',938,,207,440,,,0,201,,208,440,,,0,200,,209,440,,,0,200,,210,440,,,0,201,,211,440,,,0,197,,212,440,,,0,199,,213,440,,,0,198,,214,440,,,0
30000,'Fête-2-01',645,,778,570,,,0,198,,779,570,,,0,383,,780,570,,,0,400,,781,570,,,0,120,,782,570,,,0,93,,783,570,,,0,92,,784,570,,,0,492,,785,570,,,0
30000,'Semaine-01',645,,786,570,,,0,198,,787,570,,,0,383,,788,570,,,0,400,,789,570,,,0,120,,790,570,,,0,93,,791,570,,,0,92,,792,570,,,0,492,,793,570,,,0
40000,'Fête-1-01',819,,808,590,0,7,0,110,,809,590,0,7,0,101,,810,590,0,7,0,101,,811,590,0,7,0,100,,812,590,0,7,0,101,,813,590,0,7,0,102,,814,590,0,7,0,100,,815,590,0,7,0,100,,816,590,0,7,0,101,,817,590,0,7,0,101,,818,590,0,7,0,98,,819,590,0,7,0,100,,820,590,0,7,0,97,,821,590,0,7,0,100,,822,590,0,7,0,99,,823,590,0,7,0,100,,824,590,0,7,0,100,,825,590,0,7,0,100,,826,590,0,7,0
40000,'Fête-2-01',717,,842,590,0,10,0,83,,834,590,0,7,0,33,,866,590,0,10,0,24,,867,590,0,10,0,83,,835,590,0,7,0,80,,836,590,0,7,0,20,,849,590,0,7,0,93,,858,590,0,7,0,107,,827,590,0,7,0,100,,861,590,0,7,0,100,,862,590,0,7,0,81,,832,590,0,7,0,80,,863,590,0,7,0,30,,864,590,0,7,0,15,,865,590,0,7,0,55,,844,590,0,7,0,15,,845,590,0,7,0,10,,846,590,0,7,0,10,,847,590,0,7,0,69,,848,590,0,7,0,10,,850,590,0,7,0,17,,851,590,0,7,0,20,,852,590,0,7,0,59,,853,590,0,7,0,93,,854,590,0,7,0,25,,833,590,0,7,0,30,,855,590,0,7,0,70,,837,590,0,7,0,30,,856,590,0,7,0,70,,838,590,0,7,0,30,,857,590,0,7,0,68,,839,590,0,7,0,30,,859,590,0,7,0,165,,843,590,0,7,0,100,,860,590,0,7,0
40000,'Semaine-01',717,,883,590,0,10,0,83,,875,590,0,7,0,33,,907,590,0,10,0,24,,908,590,0,10,0,83,,876,590,0,7,0,80,,877,590,0,7,0,20,,890,590,0,7,0,93,,899,590,0,7,0,107,,868,590,0,7,0,100,,902,590,0,7,0,100,,903,590,0,7,0,81,,873,590,0,7,0,80,,904,590,0,7,0,30,,905,590,0,7,0,15,,906,590,0,7,0,55,,885,590,0,7,0,15,,886,590,0,7,0,10,,887,590,0,7,0,10,,888,590,0,7,0,69,,889,590,0,7,0,10,,891,590,0,7,0,17,,892,590,0,7,0,20,,893,590,0,7,0,59,,894,590,0,7,0,93,,895,590,0,7,0,25,,874,590,0,7,0,30,,896,590,0,7,0,70,,878,590,0,7,0,30,,897,590,0,7,0,70,,879,590,0,7,0,30,,898,590,0,7,0,68,,880,590,0,7,0,30,,900,590,0,7,0,165,,884,590,0,7,0,100,,901,590,0,7,0
40000,'Week-end-01',819,,909,590,0,7,0,110,,910,590,0,7,0,101,,911,590,0,7,0,101,,912,590,0,7,0,100,,913,590,0,7,0,101,,914,590,0,7,0,102,,915,590,0,7,0,100,,916,590,0,7,0,100,,917,590,0,7,0,101,,918,590,0,7,0,101,,919,590,0,7,0,98,,920,590,0,7,0,100,,921,590,0,7,0,97,,922,590,0,7,0,100,,923,590,0,7,0,99,,924,590,0,7,0,100,,925,590,0,7,0,100,,926,590,0,7,0,100,,927,590,0,7,0
