201,'Fête-2-01',746,,123,340,,,0,157,,121,340,,,0,205,,126,210,,,0,207,,124,340,,,0,239,,127,210,,,0,249,,125,340,,,0,122,,122,340,,,0
201,'Semaine-01',746,,132,340,,,0,157,,130,340,,,0,205,,135,210,,,0,207,,133,340,,,0,239,,136,210,,,0,249,,134,340,,,0,122,,131,340,,,0
1401,'Fête-1-01',622,,550,240,,,0,200,,551,240,,,0,200,,552,240,,,0,198,,553,240,,,0,200,,554,240,,,0,196,,555,240,,,0,200,,556,240,,,0,206,,557,240,,,0,200,,558,240,,,0
1401,'Fête-2-01',614,,560,240,,,0,87,,567,240,,,0,104,,568,240,,,0,106,,569,240,,,0,100,,570,240,,,0,99,,571,240,,,0,99,,572,240,,,0,100,,573,240,,,0,100,,574,240,,,0,101,,561,240,,,0,100,,562,240,,,0,30,,559,240,,,0,73,,563,240,,,0,104,,564,240,,,0,195,,565,240,,,0,203,,566,240,,,0
1401,'Semaine-01',614,,577,240,,,0,87,,584,240,,,0,38,,576,240,,,0,66,,585,240,,,0,106,,586,240,,,0,100,,587,240,,,0,99,,588,240,,,0,99,,589,240,,,0,100,,590,240,,,0,100,,591,240,,,0,101,,578,240,,,0,100,,579,240,,,0,30,,575,240,,,0,73,,580,240,,,0,104,,581,240,,,0,195,,582,240,,,0,203,,583,240,,,0
1401,'Week-end-01',622,,592,240,,,0,200,,593,240,,,0,200,,594,240,,,0,198,,595,240,,,0,200,,596,240,,,0,196,,597,240,,,0,200,,598,240,,,0,206,,599,240,,,0,200,,600,240,,,0
10001,'Fête-2-01',439,,730,70,,,0,70,,726,340,,,0,48,,729,340,,,0,77,,727,340,,,0,71,,728,340,,,0
10001,'Semaine-01',439,,737,70,,,0,70,,732,340,,,0,48,,735,340,,,0,77,,733,340,,,0,71,,734,340,,,0
40001,'Fête-2-01',1646,,992,70,,,0,65,,964,70,,,0,108,,965,70,,,0
40001,'Semaine-01',1646,,1039,70,,,0,65,,1011,70,,,0,108,,1012,70,,,0
