100,'Fête-1-01',910,,1,20,,,0,200,,2,20,,,0,200,,3,20,,,0,200,,4,20,,,0,200,,5,20,,,0,200,,6,20,,,0,200,,7,20,,,0,198,,8,20,,,0
100,'Fête-2-01',658,,19,20,,,0,100,,20,20,,,0,60,,21,20,,,0,37,,11,20,,,0,100,,12,20,,,0,100,,13,20,,,0,161,,14,20,,,0,100,,15,20,,,0,100,,16,20,,,0,93,,22,20,,,0,100,,17,20,,,0,95,,18,20,,,0,106,,23,20,,,0,101,,24,20,,,0,195,,25,20,,,0,199,,26,20,,,0
100,'Semaine-01',658,,37,20,,,0,100,,38,20,,,0,60,,39,20,,,0,37,,29,20,,,0,100,,30,20,,,0,100,,31,20,,,0,161,,32,20,,,0,100,,33,20,,,0,100,,34,20,,,0,93,,40,20,,,0,100,,35,20,,,0,95,,36,20,,,0,106,,41,20,,,0,101,,42,20,,,0,195,,43,20,,,0,199,,44,20,,,0
100,'Week-end-01',910,,45,20,,,0,200,,46,20,,,0,200,,47,20,,,0,200,,48,20,,,0,200,,49,20,,,0,200,,50,20,,,0,200,,51,20,,,0,198,,52,20,,,0
800,'Fête-1-01',910,,165,20,,,0,200,,166,20,,,0,200,,167,20,,,0,200,,168,20,,,0,200,,169,20,,,0,200,,170,20,,,0,200,,171,20,,,0,198,,172,20,,,0
800,'Fête-2-01',635,,174,20,,,0,105,,175,20,,,0,80,,189,20,,,0,36,,184,20,,,0,99,,185,20,,,0,100,,176,20,,,0,145,,177,20,,,0,100,,186,20,,,0,105,,187,20,,,0,104,,188,20,,,0,100,,178,20,,,0,97,,179,20,,,0,112,,180,20,,,0,92,,181,20,,,0,196,,182,20,,,0,198,,183,20,,,0
800,'Semaine-01',635,,191,20,,,0,105,,192,20,,,0,80,,206,20,,,0,36,,201,20,,,0,99,,202,20,,,0,100,,193,20,,,0,145,,194,20,,,0,100,,203,20,,,0,105,,204,20,,,0,104,,205,20,,,0,100,,195,20,,,0,97,,196,20,,,0,112,,197,20,,,0,92,,198,20,,,0,196,,199,20,,,0,198,,200,20,,,0
800,'Week-end-01',910,,207,20,,,0,200,,208,20,,,0,200,,209,20,,,0,200,,210,20,,,0,200,,211,20,,,0,200,,212,20,,,0,200,,213,20,,,0,198,,214,20,,,0
900,'Fête-1-01',552,,261,20,,,0,158,,263,20,,,0,200,,264,20,,,0,200,,265,20,,,0,200,,266,20,,,0,200,,267,20,,,0,200,,268,20,,,0,200,,269,20,,,0,200,,270,20,,,0,198,,262,20,,,0
900,'Fête-2-01',445,,272,20,,,0,105,,283,20,,,0,74,,280,20,,,0,76,,284,20,,,0,55,,285,20,,,0,101,,273,20,,,0,100,,274,20,,,0,99,,286,20,,,0,150,,275,20,,,0,104,,287,20,,,0,96,,276,20,,,0,100,,271,20,,,0,114,,282,20,,,0,85,,281,20,,,0,104,,288,20,,,0,100,,277,20,,,0,98,,278,20,,,0,100,,289,20,,,0,100,,290,20,,,0,100,,279,20,,,0
900,'Semaine-01',445,,292,20,,,0,105,,303,20,,,0,74,,300,20,,,0,76,,304,20,,,0,55,,305,20,,,0,101,,293,20,,,0,100,,294,20,,,0,99,,306,20,,,0,150,,295,20,,,0,104,,307,20,,,0,96,,296,20,,,0,100,,291,20,,,0,114,,302,20,,,0,85,,301,20,,,0,104,,308,20,,,0,100,,297,20,,,0,98,,298,20,,,0,100,,309,20,,,0,100,,310,20,,,0,100,,299,20,,,0
900,'Week-end-01',552,,311,20,,,0,158,,313,20,,,0,200,,314,20,,,0,200,,315,20,,,0,200,,316,20,,,0,200,,317,20,,,0,200,,318,20,,,0,200,,319,20,,,0,200,,320,20,,,0,198,,312,20,,,0
1400,'Fête-1-01',710,,496,20,,,0,200,,497,20,,,0,200,,498,20,,,0,200,,499,20,,,0,200,,500,20,,,0,200,,501,20,,,0,200,,502,20,,,0,200,,503,20,,,0,198,,504,20,,,0,200,,505,20,,,0
1400,'Fête-2-01',625,,522,20,,,0,33,,506,20,,,0,92,,513,20,,,0,105,,514,20,,,0,103,,515,20,,,0,151,,516,20,,,0,100,,517,20,,,0,100,,518,20,,,0,100,,519,20,,,0,100,,520,20,,,0,100,,507,20,,,0,110,,508,20,,,0,90,,509,20,,,0,102,,510,20,,,0,195,,511,20,,,0,198,,512,20,,,0,155,,521,20,,,0
1400,'Semaine-01',625,,539,20,,,0,33,,523,20,,,0,92,,530,20,,,0,105,,531,20,,,0,103,,532,20,,,0,151,,533,20,,,0,100,,534,20,,,0,100,,535,20,,,0,100,,536,20,,,0,100,,537,20,,,0,100,,524,20,,,0,110,,525,20,,,0,90,,526,20,,,0,102,,527,20,,,0,195,,528,20,,,0,198,,529,20,,,0,155,,538,20,,,0
1400,'Week-end-01',710,,540,20,,,0,200,,541,20,,,0,200,,542,20,,,0,200,,543,20,,,0,200,,544,20,,,0,200,,545,20,,,0,200,,546,20,,,0,200,,547,20,,,0,198,,548,20,,,0,200,,549,20,,,0
1500,'Fête-1-01',905,,601,20,,,1,100,,602,20,,,1,100,,603,20,,,1,100,,604,20,,,1,100,,605,20,,,1,100,,606,20,,,1,100,,607,20,,,1,100,,608,20,,,1,100,,609,20,,,1,100,,610,20,,,1,100,,611,20,,,1,200,,612,20,,,1,200,,613,20,,,1
1500,'Fête-2-01',705,,614,20,,,1,51,,621,20,,,1,99,,622,20,,,1,100,,623,20,,,1,100,,624,20,,,1,148,,625,20,,,1,55,,626,20,,,1,100,,627,20,,,1,100,,628,20,,,1,147,,615,20,,,1,105,,616,20,,,1,98,,617,20,,,1,102,,618,20,,,1,194,,619,20,,,1,202,,620,20,,,1
1500,'Semaine-01',705,,629,20,,,1,51,,636,20,,,1,99,,637,20,,,1,100,,638,20,,,1,100,,639,20,,,1,148,,640,20,,,1,55,,641,20,,,1,100,,642,20,,,1,100,,643,20,,,1,147,,630,20,,,1,105,,631,20,,,1,98,,632,20,,,1,102,,633,20,,,1,194,,634,20,,,1,202,,635,20,,,1
1500,'Week-end-01',905,,644,20,,,1,100,,645,20,,,1,100,,646,20,,,1,100,,647,20,,,1,100,,648,20,,,1,100,,649,20,,,1,100,,650,20,,,1,100,,651,20,,,1,100,,652,20,,,1,100,,653,20,,,1,100,,654,20,,,1,200,,655,20,,,1,200,,656,20,,,1
