101,'Fête-1-01',814,,53,40,,,0,200,,54,40,,,0,197,,55,40,,,0,200,,56,40,,,0,200,,57,40,,,0,200,,58,40,,,0,202,,59,40,,,0,200,,60,40,,,0
101,'Week-end-01',814,,95,40,,,0,200,,96,40,,,0,197,,97,40,,,0,200,,98,40,,,0,200,,99,40,,,0,200,,100,40,,,0,202,,101,40,,,0,200,,102,40,,,0
200,'Fête-2-01',1025,,110,50,0,8,0,134,,104,50,,,0,348,,111,50,0,8,0,130,,105,50,,,0,179,,106,50,,,0
200,'Semaine-01',1025,,119,50,0,8,0,134,,113,50,,,0,348,,120,50,0,8,0,130,,114,50,,,0,179,,115,50,,,0
800,'Fête-1-01',942,,165,480,,,0,201,,166,480,,,0,200,,167,480,,,0,200,,168,480,,,0,201,,169,480,,,0,197,,170,480,,,0,199,,171,480,,,0,198,,172,480,,,0
800,'Fête-2-01',705,,174,480,,,0,31,,173,310,,,0,78,,175,480,,,0,39,,189,480,,,0,75,,184,480,,,0,99,,185,480,,,0,100,,176,480,,,0,105,,177,480,,,0,100,,186,480,,,0,105,,187,480,,,0,105,,188,480,,,0,101,,178,480,,,0,93,,179,480,,,0,112,,180,480,,,0,92,,181,480,,,0,194,,182,480,,,0,197,,183,480,,,0
800,'Semaine-01',705,,191,480,,,0,31,,190,310,,,0,78,,192,480,,,0,39,,206,480,,,0,75,,201,480,,,0,99,,202,480,,,0,100,,193,480,,,0,105,,194,480,,,0,100,,203,480,,,0,105,,204,480,,,0,105,,205,480,,,0,101,,195,480,,,0,93,,196,480,,,0,112,,197,480,,,0,92,,198,480,,,0,194,,199,480,,,0,197,,200,480,,,0
800,'Week-end-01',942,,207,480,,,0,201,,208,480,,,0,200,,209,480,,,0,200,,210,480,,,0,201,,211,480,,,0,197,,212,480,,,0,199,,213,480,,,0,198,,214,480,,,0
40000,'Fête-2-01',722,,842,630,,,0,116,,866,630,,,0,64,,867,630,,,0
40000,'Semaine-01',722,,883,630,,,0,116,,907,630,,,0,64,,908,630,,,0
