901,'Fête-1-01',855,,321,510,,,0,200,,322,510,,,0,198,,323,510,,,0,200,,324,510,,,0,199,,325,510,,,0,200,,326,510,,,0,201,,327,510,,,0,199,,328,510,,,0,198,,329,510,,,0
901,'Fête-2-01',610,,331,520,,,0,34,,330,520,,,0,104,,332,520,,,0,93,,343,520,,,0,102,,334,520,,,0,100,,335,520,,,0,100,,344,520,,,0,100,,336,520,,,0,108,,345,520,,,0,100,,337,520,,,0,100,,338,520,,,0,101,,333,520,,,0,148,,346,520,,,0,21,,347,520,,,0,28,,348,520,,,0,96,,339,520,,,0,100,,340,520,,,0,100,,349,520,,,0,98,,350,520,,,0,100,,341,520,,,0,99,,342,520,,,0
901,'Semaine-01',610,,352,520,,,0,34,,351,520,,,0,104,,353,520,,,0,93,,364,520,,,0,102,,355,520,,,0,100,,356,520,,,0,100,,365,520,,,0,100,,357,520,,,0,108,,366,520,,,0,100,,358,520,,,0,100,,359,520,,,0,101,,354,520,,,0,148,,367,520,,,0,21,,368,520,,,0,28,,369,520,,,0,96,,360,520,,,0,100,,361,520,,,0,100,,370,520,,,0,98,,371,520,,,0,100,,362,520,,,0,99,,363,520,,,0
901,'Week-end-01',855,,372,510,,,0,200,,373,510,,,0,198,,374,510,,,0,200,,375,510,,,0,199,,376,510,,,0,200,,377,510,,,0,201,,378,510,,,0,199,,379,510,,,0,198,,380,510,,,0
1401,'Fête-1-01',654,,550,690,,,0,200,,551,690,,,0,200,,552,690,,,0,198,,553,690,,,0,200,,554,690,,,0,200,,555,690,,,0,200,,556,690,,,0,202,,557,690,,,0,200,,558,690,,,0
1401,'Fête-2-01',646,,560,690,,,0,89,,567,690,,,0,105,,568,690,,,0,105,,569,690,,,0,100,,570,690,,,0,100,,571,690,,,0,99,,572,690,,,0,100,,573,690,,,0,100,,574,690,,,0,102,,561,690,,,0,102,,562,690,,,0,56,,559,600,,,0,47,,563,690,,,0,99,,564,690,,,0,195,,565,690,,,0,203,,566,690,,,0
1401,'Semaine-01',646,,577,690,,,0,89,,584,690,,,0,105,,585,690,,,0,105,,586,690,,,0,100,,587,690,,,0,100,,588,690,,,0,99,,589,690,,,0,100,,590,690,,,0,100,,591,690,,,0,102,,578,690,,,0,102,,579,690,,,0,56,,575,600,,,0,47,,580,690,,,0,99,,581,690,,,0,195,,582,690,,,0,203,,583,690,,,0
1401,'Week-end-01',654,,592,690,,,0,200,,593,690,,,0,200,,594,690,,,0,198,,595,690,,,0,200,,596,690,,,0,200,,597,690,,,0,200,,598,690,,,0,202,,599,690,,,0,200,,600,690,,,0
10001,'Fête-2-01',458,,730,430,,,0,70,,726,700,,,0,88,,729,700,,,0,39,,727,700,,,0,71,,728,700,,,0,27,,725,290,,,0
10001,'Semaine-01',458,,737,430,,,0,70,,732,700,,,0,88,,735,700,,,0,30,,736,290,,,0,9,,733,700,,,0,71,,734,700,,,0,27,,731,290,,,0
