100,'Fête-1-01',910,,1,10,,,0,200,,2,10,,,0,200,,3,10,,,0,200,,4,10,,,0,200,,5,10,,,0,200,,6,10,,,0,200,,7,10,,,0,198,,8,10,,,0
100,'Fête-2-01',658,,19,10,,,0,100,,20,10,,,0,60,,21,10,,,0,37,,11,10,,,0,100,,12,10,,,0,100,,13,10,,,0,161,,14,10,,,0,100,,15,10,,,0,100,,16,10,,,0,93,,22,10,,,0,100,,17,10,,,0,95,,18,10,,,0,106,,23,10,,,0,101,,24,10,,,0,195,,25,10,,,0,199,,26,10,,,0
100,'Semaine-01',658,,37,10,,,0,100,,38,10,,,0,60,,39,10,,,0,37,,29,10,,,0,100,,30,10,,,0,100,,31,10,,,0,161,,32,10,,,0,100,,33,10,,,0,100,,34,10,,,0,93,,40,10,,,0,100,,35,10,,,0,95,,36,10,,,0,106,,41,10,,,0,101,,42,10,,,0,195,,43,10,,,0,199,,44,10,,,0
100,'Week-end-01',910,,45,10,,,0,200,,46,10,,,0,200,,47,10,,,0,200,,48,10,,,0,200,,49,10,,,0,200,,50,10,,,0,200,,51,10,,,0,198,,52,10,,,0
101,'Fête-1-01',857,,53,620,4,,0,200,,54,620,4,,0,197,,55,620,4,,0,200,,56,620,4,,0,200,,57,620,4,,0,200,,58,620,4,,0,202,,59,620,4,,0,200,,60,620,4,,0
101,'Fête-2-01',652,,76,630,4,,0,92,,77,630,4,,0,102,,71,680,4,,0,102,,63,680,4,,0,100,,64,680,4,,0,100,,65,680,4,,0,105,,66,680,4,,0,104,,67,680,4,,0,100,,68,680,4,,0,101,,62,680,4,,0,93,,72,630,4,,0,79,,73,630,4,,0,28,,74,630,4,,0,100,,75,630,4,,0,194,,69,630,4,,0,196,,70,630,4,,0
101,'Semaine-01',652,,93,630,4,,0,92,,94,630,4,,0,102,,88,680,4,,0,102,,80,680,4,,0,100,,81,680,4,,0,100,,82,680,4,,0,105,,83,680,4,,0,104,,84,680,4,,0,100,,85,680,4,,0,101,,79,680,4,,0,93,,89,630,4,,0,79,,90,630,4,,0,28,,91,630,4,,0,100,,92,630,4,,0,194,,86,630,4,,0,196,,87,630,4,,0
101,'Week-end-01',857,,95,620,4,,0,200,,96,620,4,,0,197,,97,620,4,,0,200,,98,620,4,,0,200,,99,620,4,,0,200,,100,620,4,,0,202,,101,620,4,,0,200,,102,620,4,,0
800,'Fête-1-01',910,,165,10,,,0,200,,166,10,,,0,200,,167,10,,,0,200,,168,10,,,0,200,,169,10,,,0,200,,170,10,,,0,200,,171,10,,,0,198,,172,10,,,0
800,'Fête-2-01',635,,174,10,,,0,105,,175,10,,,0,80,,189,10,,,0,36,,184,10,,,0,99,,185,10,,,0,100,,176,10,,,0,145,,177,10,,,0,100,,186,10,,,0,105,,187,10,,,0,104,,188,10,,,0,100,,178,10,,,0,97,,179,10,,,0,112,,180,10,,,0,92,,181,10,,,0,196,,182,10,,,0,198,,183,10,,,0
800,'Semaine-01',635,,191,10,,,0,105,,192,10,,,0,80,,206,10,,,0,36,,201,10,,,0,99,,202,10,,,0,100,,193,10,,,0,145,,194,10,,,0,100,,203,10,,,0,105,,204,10,,,0,104,,205,10,,,0,100,,195,10,,,0,97,,196,10,,,0,112,,197,10,,,0,92,,198,10,,,0,196,,199,10,,,0,198,,200,10,,,0
800,'Week-end-01',910,,207,10,,,0,200,,208,10,,,0,200,,209,10,,,0,200,,210,10,,,0,200,,211,10,,,0,200,,212,10,,,0,200,,213,10,,,0,198,,214,10,,,0
801,'Fête-1-01',857,,215,590,4,,0,200,,216,590,4,,0,196,,217,590,4,,0,200,,218,590,4,,0,200,,219,590,4,,0,200,,220,590,4,,0,202,,221,590,4,,0,200,,222,590,4,,0
801,'Fête-2-01',647,,237,470,4,,0,189,,230,590,4,,0,112,,231,590,4,,0,100,,232,590,4,,0,103,,233,590,4,,0,103,,234,590,4,,0,104,,235,590,4,,0,101,,236,590,4,,0,97,,223,590,4,,0,144,,224,590,4,,0,29,,225,600,4,,0,28,,226,590,4,,0,101,,227,590,4,,0,193,,228,590,4,,0,200,,229,590,4,,0
801,'Semaine-01',647,,252,470,4,,0,189,,245,590,4,,0,112,,246,590,4,,0,100,,247,590,4,,0,103,,248,590,4,,0,103,,249,590,4,,0,104,,250,590,4,,0,101,,251,590,4,,0,97,,238,590,4,,0,144,,239,590,4,,0,29,,240,600,4,,0,28,,241,590,4,,0,101,,242,590,4,,0,193,,243,590,4,,0,200,,244,590,4,,0
801,'Week-end-01',857,,253,590,4,,0,200,,254,590,4,,0,196,,255,590,4,,0,200,,256,590,4,,0,200,,257,590,4,,0,200,,258,590,4,,0,202,,259,590,4,,0,200,,260,590,4,,0
900,'Fête-1-01',552,,261,10,,,0,158,,263,10,,,0,200,,264,10,,,0,200,,265,10,,,0,200,,266,10,,,0,200,,267,10,,,0,200,,268,10,,,0,200,,269,10,,,0,200,,270,10,,,0,198,,262,10,,,0
900,'Fête-2-01',445,,272,10,,,0,105,,283,10,,,0,74,,280,10,,,0,76,,284,10,,,0,55,,285,10,,,0,101,,273,10,,,0,100,,274,10,,,0,99,,286,10,,,0,150,,275,10,,,0,104,,287,10,,,0,96,,276,10,,,0,100,,271,10,,,0,114,,282,10,,,0,85,,281,10,,,0,104,,288,10,,,0,100,,277,10,,,0,98,,278,10,,,0,100,,289,10,,,0,100,,290,10,,,0,100,,279,10,,,0
900,'Semaine-01',445,,292,10,,,0,105,,303,10,,,0,74,,300,10,,,0,76,,304,10,,,0,55,,305,10,,,0,101,,293,10,,,0,100,,294,10,,,0,99,,306,10,,,0,150,,295,10,,,0,104,,307,10,,,0,96,,296,10,,,0,100,,291,10,,,0,114,,302,10,,,0,85,,301,10,,,0,104,,308,10,,,0,100,,297,10,,,0,98,,298,10,,,0,100,,309,10,,,0,100,,310,10,,,0,100,,299,10,,,0
900,'Week-end-01',552,,311,10,,,0,158,,313,10,,,0,200,,314,10,,,0,200,,315,10,,,0,200,,316,10,,,0,200,,317,10,,,0,200,,318,10,,,0,200,,319,10,,,0,200,,320,10,,,0,198,,312,10,,,0
901,'Fête-1-01',858,,321,550,4,,0,200,,322,550,4,,0,198,,323,550,4,,0,200,,324,550,4,,0,199,,325,550,4,,0,200,,326,550,4,,0,201,,327,550,4,,0,199,,328,550,4,,0,198,,329,550,4,,0
901,'Fête-2-01',619,,331,560,4,,0,34,,330,560,4,,0,104,,332,560,4,,0,93,,343,560,4,,0,99,,334,560,4,,0,100,,335,560,4,,0,100,,344,560,4,,0,100,,336,560,4,,0,108,,345,560,4,,0,100,,337,560,4,,0,100,,338,560,4,,0,101,,333,560,4,,0,148,,346,560,4,,0,21,,347,560,4,,0,28,,348,560,4,,0,96,,339,560,4,,0,100,,340,560,4,,0,100,,349,560,4,,0,97,,350,560,4,,0,100,,341,560,4,,0,99,,342,560,4,,0
901,'Semaine-01',619,,352,560,4,,0,34,,351,560,4,,0,104,,353,560,4,,0,93,,364,560,4,,0,99,,355,560,4,,0,100,,356,560,4,,0,100,,365,560,4,,0,100,,357,560,4,,0,108,,366,560,4,,0,100,,358,560,4,,0,100,,359,560,4,,0,101,,354,560,4,,0,148,,367,560,4,,0,21,,368,560,4,,0,28,,369,560,4,,0,96,,360,560,4,,0,100,,361,560,4,,0,100,,370,560,4,,0,97,,371,560,4,,0,100,,362,560,4,,0,99,,363,560,4,,0
901,'Week-end-01',858,,372,550,4,,0,200,,373,550,4,,0,198,,374,550,4,,0,200,,375,550,4,,0,199,,376,550,4,,0,200,,377,550,4,,0,201,,378,550,4,,0,199,,379,550,4,,0,198,,380,550,4,,0
1400,'Fête-1-01',710,,496,10,,,0,200,,497,10,,,0,200,,498,10,,,0,200,,499,10,,,0,200,,500,10,,,0,200,,501,10,,,0,200,,502,10,,,0,200,,503,10,,,0,198,,504,10,,,0,200,,505,10,,,0
1400,'Fête-2-01',625,,522,10,,,0,33,,506,10,,,0,92,,513,10,,,0,105,,514,10,,,0,103,,515,10,,,0,151,,516,10,,,0,100,,517,10,,,0,100,,518,10,,,0,100,,519,10,,,0,100,,520,10,,,0,100,,507,10,,,0,110,,508,10,,,0,90,,509,10,,,0,102,,510,10,,,0,195,,511,10,,,0,198,,512,10,,,0,155,,521,10,,,0
1400,'Semaine-01',625,,539,10,,,0,33,,523,10,,,0,92,,530,10,,,0,105,,531,10,,,0,103,,532,10,,,0,151,,533,10,,,0,100,,534,10,,,0,100,,535,10,,,0,100,,536,10,,,0,100,,537,10,,,0,100,,524,10,,,0,110,,525,10,,,0,90,,526,10,,,0,102,,527,10,,,0,195,,528,10,,,0,198,,529,10,,,0,155,,538,10,,,0
1400,'Week-end-01',710,,540,10,,,0,200,,541,10,,,0,200,,542,10,,,0,200,,543,10,,,0,200,,544,10,,,0,200,,545,10,,,0,200,,546,10,,,0,200,,547,10,,,0,198,,548,10,,,0,200,,549,10,,,0
1401,'Fête-1-01',657,,550,730,4,,0,200,,551,730,4,,0,200,,552,730,4,,0,198,,553,730,4,,0,200,,554,730,4,,0,200,,555,730,4,,0,200,,556,730,4,,0,202,,557,730,4,,0,200,,558,730,4,,0
1401,'Fête-2-01',651,,560,730,4,,0,90,,567,730,4,,0,105,,568,730,4,,0,105,,569,730,4,,0,100,,570,730,4,,0,100,,571,730,4,,0,99,,572,730,4,,0,100,,573,730,4,,0,100,,574,730,4,,0,104,,561,730,4,,0,102,,562,730,4,,0,56,,559,640,4,,0,47,,563,730,4,,0,97,,564,730,4,,0,195,,565,730,4,,0,203,,566,730,4,,0
1401,'Semaine-01',651,,577,730,4,,0,90,,584,730,4,,0,105,,585,730,4,,0,105,,586,730,4,,0,100,,587,730,4,,0,100,,588,730,4,,0,99,,589,730,4,,0,100,,590,730,4,,0,100,,591,730,4,,0,104,,578,730,4,,0,102,,579,730,4,,0,56,,575,640,4,,0,47,,580,730,4,,0,97,,581,730,4,,0,195,,582,730,4,,0,203,,583,730,4,,0
1401,'Week-end-01',657,,592,730,4,,0,200,,593,730,4,,0,200,,594,730,4,,0,198,,595,730,4,,0,200,,596,730,4,,0,200,,597,730,4,,0,200,,598,730,4,,0,202,,599,730,4,,0,200,,600,730,4,,0
1500,'Fête-1-01',905,,601,10,,,1,100,,602,10,,,1,100,,603,10,,,1,100,,604,10,,,1,100,,605,10,,,1,100,,606,10,,,1,100,,607,10,,,1,100,,608,10,,,1,100,,609,10,,,1,100,,610,10,,,1,100,,611,10,,,1,200,,612,10,,,1,200,,613,10,,,1
1500,'Fête-2-01',705,,614,10,,,1,51,,621,10,,,1,99,,622,10,,,1,100,,623,10,,,1,100,,624,10,,,1,148,,625,10,,,1,55,,626,10,,,1,100,,627,10,,,1,100,,628,10,,,1,147,,615,10,,,1,105,,616,10,,,1,98,,617,10,,,1,102,,618,10,,,1,194,,619,10,,,1,202,,620,10,,,1
1500,'Semaine-01',705,,629,10,,,1,51,,636,10,,,1,99,,637,10,,,1,100,,638,10,,,1,100,,639,10,,,1,148,,640,10,,,1,55,,641,10,,,1,100,,642,10,,,1,100,,643,10,,,1,147,,630,10,,,1,105,,631,10,,,1,98,,632,10,,,1,102,,633,10,,,1,194,,634,10,,,1,202,,635,10,,,1
1500,'Week-end-01',905,,644,10,,,1,100,,645,10,,,1,100,,646,10,,,1,100,,647,10,,,1,100,,648,10,,,1,100,,649,10,,,1,100,,650,10,,,1,100,,651,10,,,1,100,,652,10,,,1,100,,653,10,,,1,100,,654,10,,,1,200,,655,10,,,1,200,,656,10,,,1
1501,'Fête-1-01',857,,657,450,4,,1,100,,658,450,4,,1,100,,659,450,4,,1,100,,660,450,4,,1,100,,661,450,4,,1,100,,662,450,4,,1,98,,663,450,4,,1,100,,664,450,4,,1,100,,665,450,4,,1,100,,666,450,4,,1,100,,667,450,4,,1,202,,668,450,4,,1,200,,669,450,4,,1
1501,'Fête-2-01',655,,670,450,4,,1,96,,677,450,4,,1,98,,678,450,4,,1,98,,679,450,4,,1,100,,680,450,4,,1,105,,681,450,4,,1,101,,682,450,4,,1,100,,683,450,4,,1,100,,684,450,4,,1,99,,671,450,4,,1,101,,672,450,4,,1,104,,673,450,4,,1,91,,674,450,4,,1,205,,675,450,4,,1,198,,676,450,4,,1
1501,'Semaine-01',655,,685,450,4,,1,96,,692,450,4,,1,98,,693,450,4,,1,98,,694,450,4,,1,100,,695,450,4,,1,105,,696,450,4,,1,101,,697,450,4,,1,100,,698,450,4,,1,100,,699,450,4,,1,99,,686,450,4,,1,101,,687,450,4,,1,104,,688,450,4,,1,91,,689,450,4,,1,205,,690,450,4,,1,198,,691,450,4,,1
1501,'Week-end-01',857,,700,450,4,,1,100,,701,450,4,,1,100,,702,450,4,,1,100,,703,450,4,,1,100,,704,450,4,,1,100,,705,450,4,,1,98,,706,450,4,,1,100,,707,450,4,,1,100,,708,450,4,,1,100,,709,450,4,,1,100,,710,450,4,,1,202,,711,450,4,,1,200,,712,450,4,,1
