1100,'Fête-1-01',947,,381,440,,,0,200,,382,440,,,0,200,,383,440,,,0,200,,384,440,,,0,200,,385,440,,,0,200,,386,440,,,0,200,,387,440,,,0,198,,388,440,,,0
1100,'Fête-2-01',636,,407,440,,,0,101,,390,440,,,0,103,,398,440,,,0,77,,399,440,,,0,100,,400,440,,,0,112,,401,440,,,0,100,,402,440,,,0,88,,403,440,,,0,100,,404,440,,,0,100,,405,440,,,0,100,,391,440,,,0,112,,392,440,,,0,90,,406,440,,,0,104,,389,440,,,0,100,,393,440,,,0,93,,394,440,,,0,100,,395,440,,,0,100,,396,440,,,0,98,,397,440,,,0
1100,'Semaine-01',636,,430,440,,,0,101,,411,440,,,0,100,,410,300,,,0,3,,420,440,,,0,77,,421,440,,,0,100,,422,440,,,0,112,,423,440,,,0,100,,424,440,,,0,88,,425,440,,,0,100,,426,440,,,0,100,,427,440,,,0,100,,412,440,,,0,32,,409,440,,,0,80,,413,440,,,0,25,,414,440,,,0,65,,428,440,,,0,24,,429,440,,,0,80,,408,440,,,0,100,,415,440,,,0,93,,416,440,,,0,100,,417,440,,,0,100,,418,440,,,0,98,,419,440,,,0
1100,'Week-end-01',947,,431,440,,,0,200,,432,440,,,0,200,,433,440,,,0,200,,434,440,,,0,200,,435,440,,,0,200,,436,440,,,0,200,,437,440,,,0,198,,438,440,,,0
1400,'Fête-1-01',744,,496,460,,,0,200,,497,460,,,0,200,,498,460,,,0,200,,499,460,,,0,200,,500,460,,,0,200,,501,460,,,0,200,,502,460,,,0,200,,503,460,,,0,198,,504,460,,,0,186,,505,370,,,0
1400,'Fête-2-01',654,,522,460,,,0,73,,506,460,,,0,94,,513,460,,,0,104,,514,460,,,0,103,,515,460,,,0,111,,516,460,,,0,100,,517,460,,,0,101,,518,460,,,0,100,,519,460,,,0,103,,520,460,,,0,101,,507,460,,,0,107,,508,460,,,0,87,,509,460,,,0,102,,510,460,,,0,193,,511,460,,,0,196,,512,460,,,0,194,,521,460,,,0
1400,'Semaine-01',654,,539,460,,,0,73,,523,460,,,0,94,,530,460,,,0,104,,531,460,,,0,103,,532,460,,,0,111,,533,460,,,0,100,,534,460,,,0,101,,535,460,,,0,100,,536,460,,,0,103,,537,460,,,0,101,,524,460,,,0,107,,525,460,,,0,87,,526,460,,,0,102,,527,460,,,0,193,,528,460,,,0,196,,529,460,,,0,194,,538,460,,,0
1400,'Week-end-01',744,,540,460,,,0,200,,541,460,,,0,200,,542,460,,,0,200,,543,460,,,0,200,,544,460,,,0,200,,545,460,,,0,200,,546,460,,,0,200,,547,460,,,0,198,,548,460,,,0,186,,549,370,,,0
10000,'Fête-2-01',1648,,713,510,,,0,68,,714,510,,,0,25,,718,510,,,0,82,,716,510,,,0,15,,715,510,,,0,69,,717,510,,,0
10000,'Semaine-01',1648,,719,510,,,0,68,,720,510,,,0,25,,724,510,,,0,82,,722,510,,,0,15,,721,510,,,0,69,,723,510,,,0
