200,'Fête-2-01',1032,,110,170,0,8,0,174,,104,170,0,11,0,310,,111,170,0,8,0,132,,105,170,0,11,0,176,,106,170,0,11,0
200,'Semaine-01',1032,,119,170,0,8,0,174,,113,170,0,11,0,310,,120,170,0,8,0,132,,114,170,0,11,0,176,,115,170,0,11,0
1100,'Fête-1-01',956,,381,560,,,0,200,,382,560,,,0,200,,383,560,,,0,200,,384,560,,,0,200,,385,560,,,0,200,,386,560,,,0,200,,387,560,,,0,198,,388,560,,,0
1100,'Fête-2-01',645,,407,560,,,0,102,,390,560,,,0,104,,398,560,,,0,78,,399,560,,,0,97,,400,560,,,0,112,,401,560,,,0,100,,402,560,,,0,88,,403,560,,,0,100,,404,560,,,0,100,,405,560,,,0,100,,391,560,,,0,114,,392,560,,,0,90,,406,560,,,0,102,,389,560,,,0,100,,393,560,,,0,92,,394,560,,,0,100,,395,560,,,0,100,,396,560,,,0,98,,397,560,,,0
1100,'Semaine-01',645,,430,560,,,0,102,,411,560,,,0,104,,420,560,,,0,78,,421,560,,,0,97,,422,560,,,0,112,,423,560,,,0,100,,424,560,,,0,88,,425,560,,,0,100,,426,560,,,0,100,,427,560,,,0,100,,412,560,,,0,75,,409,560,,,0,39,,413,560,,,0,65,,414,560,,,0,25,,428,560,,,0,23,,429,560,,,0,79,,408,560,,,0,100,,415,560,,,0,92,,416,560,,,0,100,,417,560,,,0,100,,418,560,,,0,98,,419,560,,,0
1100,'Week-end-01',956,,431,560,,,0,200,,432,560,,,0,200,,433,560,,,0,200,,434,560,,,0,200,,435,560,,,0,200,,436,560,,,0,200,,437,560,,,0,198,,438,560,,,0
1400,'Fête-1-01',750,,496,580,,,0,200,,497,580,,,0,200,,498,580,,,0,200,,499,580,,,0,200,,500,580,,,0,200,,501,580,,,0,200,,502,580,,,0,200,,503,580,,,0,198,,504,580,,,0,187,,505,490,,,0
1400,'Fête-2-01',702,,522,580,,,0,33,,506,580,,,0,94,,513,580,,,0,104,,514,580,,,0,103,,515,580,,,0,111,,516,580,,,0,100,,517,580,,,0,101,,518,580,,,0,100,,519,580,,,0,103,,520,580,,,0,101,,507,580,,,0,106,,508,580,,,0,86,,509,580,,,0,102,,510,580,,,0,193,,511,580,,,0,196,,512,580,,,0,194,,521,580,,,0
1400,'Semaine-01',702,,539,580,,,0,33,,523,580,,,0,94,,530,580,,,0,104,,531,580,,,0,103,,532,580,,,0,111,,533,580,,,0,100,,534,580,,,0,101,,535,580,,,0,100,,536,580,,,0,103,,537,580,,,0,101,,524,580,,,0,106,,525,580,,,0,86,,526,580,,,0,102,,527,580,,,0,193,,528,580,,,0,196,,529,580,,,0,194,,538,580,,,0
1400,'Week-end-01',750,,540,580,,,0,200,,541,580,,,0,200,,542,580,,,0,200,,543,580,,,0,200,,544,580,,,0,200,,545,580,,,0,200,,546,580,,,0,200,,547,580,,,0,198,,548,580,,,0,187,,549,490,,,0
10000,'Fête-2-01',1655,,713,630,,,0,68,,714,630,,,0,25,,718,630,,,0,82,,716,630,,,0,15,,715,630,,,0
10000,'Semaine-01',1655,,719,630,,,0,68,,720,630,,,0,25,,724,630,,,0,82,,722,630,,,0,15,,721,630,,,0
