901,'Fête-1-01',855,,321,520,,,0,200,,322,520,,,0,198,,323,520,,,0,200,,324,520,,,0,199,,325,520,,,0,200,,326,520,,,0,201,,327,520,,,0,199,,328,520,,,0,198,,329,520,,,0
901,'Fête-2-01',611,,331,530,,,0,34,,330,530,,,0,104,,332,530,,,0,93,,343,530,,,0,102,,334,530,,,0,100,,335,530,,,0,100,,344,530,,,0,100,,336,530,,,0,108,,345,530,,,0,100,,337,530,,,0,100,,338,530,,,0,101,,333,530,,,0,148,,346,530,,,0,21,,347,530,,,0,28,,348,530,,,0,96,,339,530,,,0,100,,340,530,,,0,100,,349,530,,,0,98,,350,530,,,0,100,,341,530,,,0,99,,342,530,,,0
901,'Semaine-01',611,,352,530,,,0,34,,351,530,,,0,104,,353,530,,,0,93,,364,530,,,0,102,,355,530,,,0,100,,356,530,,,0,100,,365,530,,,0,100,,357,530,,,0,108,,366,530,,,0,100,,358,530,,,0,100,,359,530,,,0,101,,354,530,,,0,148,,367,530,,,0,21,,368,530,,,0,28,,369,530,,,0,96,,360,530,,,0,100,,361,530,,,0,100,,370,530,,,0,98,,371,530,,,0,100,,362,530,,,0,99,,363,530,,,0
901,'Week-end-01',855,,372,520,,,0,200,,373,520,,,0,198,,374,520,,,0,200,,375,520,,,0,199,,376,520,,,0,200,,377,520,,,0,201,,378,520,,,0,199,,379,520,,,0,198,,380,520,,,0
1401,'Fête-1-01',654,,550,700,,,0,200,,551,700,,,0,200,,552,700,,,0,198,,553,700,,,0,200,,554,700,,,0,200,,555,700,,,0,200,,556,700,,,0,202,,557,700,,,0,200,,558,700,,,0
1401,'Fête-2-01',647,,560,700,,,0,89,,567,700,,,0,105,,568,700,,,0,105,,569,700,,,0,100,,570,700,,,0,100,,571,700,,,0,99,,572,700,,,0,100,,573,700,,,0,100,,574,700,,,0,103,,561,700,,,0,102,,562,700,,,0,56,,559,610,,,0,47,,563,700,,,0,98,,564,700,,,0,195,,565,700,,,0,203,,566,700,,,0
1401,'Semaine-01',647,,577,700,,,0,89,,584,700,,,0,105,,585,700,,,0,105,,586,700,,,0,100,,587,700,,,0,100,,588,700,,,0,99,,589,700,,,0,100,,590,700,,,0,100,,591,700,,,0,103,,578,700,,,0,102,,579,700,,,0,56,,575,610,,,0,47,,580,700,,,0,98,,581,700,,,0,195,,582,700,,,0,203,,583,700,,,0
1401,'Week-end-01',654,,592,700,,,0,200,,593,700,,,0,200,,594,700,,,0,198,,595,700,,,0,200,,596,700,,,0,200,,597,700,,,0,200,,598,700,,,0,202,,599,700,,,0,200,,600,700,,,0
10001,'Fête-2-01',458,,730,440,,,0,70,,726,710,,,0,88,,729,710,,,0,40,,727,710,,,0,71,,728,710,,,0,26,,725,300,,,0
10001,'Semaine-01',458,,737,440,,,0,70,,732,710,,,0,88,,735,710,,,0,31,,736,300,,,0,9,,733,710,,,0,71,,734,710,,,0,26,,731,300,,,0
