800,'Fête-1-01',936,,165,420,,,0,201,,166,420,,,0,200,,167,420,,,0,200,,168,420,,,0,201,,169,420,,,0,197,,170,420,,,0,199,,171,420,,,0,198,,172,420,,,0
800,'Fête-2-01',700,,174,420,,,0,29,,173,250,,,0,78,,175,420,,,0,39,,189,420,,,0,76,,184,420,,,0,99,,185,420,,,0,100,,176,420,,,0,105,,177,420,,,0,100,,186,420,,,0,105,,187,420,,,0,105,,188,420,,,0,100,,178,420,,,0,95,,179,420,,,0,112,,180,420,,,0,92,,181,420,,,0,195,,182,420,,,0,197,,183,420,,,0
800,'Semaine-01',700,,191,420,,,0,29,,190,250,,,0,78,,192,420,,,0,39,,206,420,,,0,76,,201,420,,,0,99,,202,420,,,0,100,,193,420,,,0,105,,194,420,,,0,100,,203,420,,,0,105,,204,420,,,0,105,,205,420,,,0,100,,195,420,,,0,95,,196,420,,,0,112,,197,420,,,0,92,,198,420,,,0,195,,199,420,,,0,197,,200,420,,,0
800,'Week-end-01',936,,207,420,,,0,201,,208,420,,,0,200,,209,420,,,0,200,,210,420,,,0,201,,211,420,,,0,197,,212,420,,,0,199,,213,420,,,0,198,,214,420,,,0
30000,'Fête-2-01',643,,778,550,,,0,198,,779,550,,,0,383,,780,550,,,0,400,,781,550,,,0,120,,782,550,,,0,94,,783,550,,,0,92,,784,550,,,0,492,,785,550,,,0
30000,'Semaine-01',643,,786,550,,,0,198,,787,550,,,0,383,,788,550,,,0,400,,789,550,,,0,120,,790,550,,,0,94,,791,550,,,0,92,,792,550,,,0,492,,793,550,,,0
40000,'Fête-1-01',818,,808,570,0,7,0,111,,809,570,0,7,0,101,,810,570,0,7,0,101,,811,570,0,7,0,100,,812,570,0,7,0,101,,813,570,0,7,0,102,,814,570,0,7,0,100,,815,570,0,7,0,100,,816,570,0,7,0,101,,817,570,0,7,0,100,,818,570,0,7,0,98,,819,570,0,7,0,100,,820,570,0,7,0,97,,821,570,0,7,0,100,,822,570,0,7,0,99,,823,570,0,7,0,100,,824,570,0,7,0,100,,825,570,0,7,0,100,,826,570,0,7,0
40000,'Fête-2-01',716,,842,570,0,10,0,43,,834,570,0,7,0,72,,866,570,0,10,0,24,,867,570,0,10,0,84,,835,570,0,7,0,80,,836,570,0,7,0,20,,849,570,0,7,0,93,,858,570,0,7,0,107,,827,570,0,7,0,100,,861,570,0,7,0,100,,862,570,0,7,0,80,,832,570,0,7,0,40,,863,570,0,7,0,70,,864,570,0,7,0,15,,865,570,0,7,0,15,,844,570,0,7,0,55,,845,570,0,7,0,10,,846,570,0,7,0,10,,847,570,0,7,0,69,,848,570,0,7,0,10,,850,570,0,7,0,17,,851,570,0,7,0,20,,852,570,0,7,0,59,,853,570,0,7,0,93,,854,570,0,7,0,25,,833,570,0,7,0,30,,855,570,0,7,0,70,,837,570,0,7,0,30,,856,570,0,7,0,70,,838,570,0,7,0,30,,857,570,0,7,0,69,,839,570,0,7,0,30,,859,570,0,7,0,165,,843,570,0,7,0,100,,860,570,0,7,0
40000,'Semaine-01',716,,883,570,0,10,0,43,,875,570,0,7,0,72,,907,570,0,10,0,24,,908,570,0,10,0,84,,876,570,0,7,0,80,,877,570,0,7,0,20,,890,570,0,7,0,93,,899,570,0,7,0,107,,868,570,0,7,0,100,,902,570,0,7,0,100,,903,570,0,7,0,80,,873,570,0,7,0,40,,904,570,0,7,0,70,,905,570,0,7,0,15,,906,570,0,7,0,15,,885,570,0,7,0,55,,886,570,0,7,0,10,,887,570,0,7,0,10,,888,570,0,7,0,69,,889,570,0,7,0,10,,891,570,0,7,0,17,,892,570,0,7,0,20,,893,570,0,7,0,59,,894,570,0,7,0,93,,895,570,0,7,0,25,,874,570,0,7,0,30,,896,570,0,7,0,70,,878,570,0,7,0,30,,897,570,0,7,0,70,,879,570,0,7,0,30,,898,570,0,7,0,69,,880,570,0,7,0,30,,900,570,0,7,0,165,,884,570,0,7,0,100,,901,570,0,7,0
40000,'Week-end-01',818,,909,570,0,7,0,111,,910,570,0,7,0,101,,911,570,0,7,0,101,,912,570,0,7,0,100,,913,570,0,7,0,101,,914,570,0,7,0,102,,915,570,0,7,0,100,,916,570,0,7,0,100,,917,570,0,7,0,101,,918,570,0,7,0,100,,919,570,0,7,0,98,,920,570,0,7,0,100,,921,570,0,7,0,97,,922,570,0,7,0,100,,923,570,0,7,0,99,,924,570,0,7,0,100,,925,570,0,7,0,100,,926,570,0,7,0,100,,927,570,0,7,0
