101,'Fête-1-01',810,,53,30,,,0,200,,54,30,,,0,197,,55,30,,,0,200,,56,30,,,0,200,,57,30,,,0,200,,58,30,,,0,202,,59,30,,,0,200,,60,30,,,0
101,'Week-end-01',810,,95,30,,,0,200,,96,30,,,0,197,,97,30,,,0,200,,98,30,,,0,200,,99,30,,,0,200,,100,30,,,0,202,,101,30,,,0,200,,102,30,,,0
200,'Fête-2-01',1022,,110,40,0,8,0,134,,104,40,0,11,0,348,,111,40,0,8,0,130,,105,40,0,11,0,180,,106,40,0,11,0
200,'Semaine-01',1022,,119,40,0,8,0,134,,113,40,0,11,0,348,,120,40,0,8,0,130,,114,40,0,11,0,180,,115,40,0,11,0
800,'Fête-1-01',939,,165,470,,,0,201,,166,470,,,0,200,,167,470,,,0,200,,168,470,,,0,201,,169,470,,,0,197,,170,470,,,0,199,,171,470,,,0,198,,172,470,,,0
800,'Fête-2-01',702,,174,470,,,0,30,,173,300,,,0,78,,175,470,,,0,39,,189,470,,,0,75,,184,470,,,0,99,,185,470,,,0,100,,176,470,,,0,105,,177,470,,,0,100,,186,470,,,0,105,,187,470,,,0,105,,188,470,,,0,100,,178,470,,,0,95,,179,470,,,0,112,,180,470,,,0,92,,181,470,,,0,195,,182,470,,,0,197,,183,470,,,0
800,'Semaine-01',702,,191,470,,,0,30,,190,300,,,0,78,,192,470,,,0,39,,206,470,,,0,75,,201,470,,,0,99,,202,470,,,0,100,,193,470,,,0,105,,194,470,,,0,100,,203,470,,,0,105,,204,470,,,0,105,,205,470,,,0,100,,195,470,,,0,95,,196,470,,,0,112,,197,470,,,0,92,,198,470,,,0,195,,199,470,,,0,197,,200,470,,,0
800,'Week-end-01',939,,207,470,,,0,201,,208,470,,,0,200,,209,470,,,0,200,,210,470,,,0,201,,211,470,,,0,197,,212,470,,,0,199,,213,470,,,0,198,,214,470,,,0
40000,'Fête-2-01',719,,842,620,0,10,0,116,,866,620,0,10,0,24,,867,620,0,10,0
40000,'Semaine-01',719,,883,620,0,10,0,116,,907,620,0,10,0,24,,908,620,0,10,0
