10001,'Fête-2-01',525,,730,600,4,,0,31,,726,870,4,,0,88,,729,870,4,,0,81,,727,870,4,,0,31,,728,870,4,,0,65,,725,460,4,,0
10001,'Semaine-01',525,,737,600,4,,0,31,,732,870,4,,0,88,,735,870,4,,0,72,,736,460,4,,0,9,,733,870,4,,0,31,,734,870,4,,0,65,,731,460,4,,0
20001,'Fête-2-01',609,,759,40,4,,0,42,,760,40,4,,0,70,,761,40,4,,0,30,,762,40,4,,0,70,,758,40,4,,0,28,,757,40,4,,0,660,,764,40,4,,0,140,,765,40,4,,0,60,,763,40,4,,0
20001,'Semaine-01',609,,770,40,4,,0,42,,771,40,4,,0,70,,772,40,4,,0,30,,773,40,4,,0,70,,769,40,4,,0,28,,768,40,4,,0,154,,766,40,4,,0,200,,767,40,4,,0,205,,775,40,4,,0,101,,776,40,4,,0,140,,777,40,4,,0,60,,774,40,4,,0
30001,'Fête-2-01',529,,800,580,4,,0,25,,794,580,4,,0,77,,795,580,4,,0,72,,798,580,4,,0,20,,796,580,4,,0,35,,799,580,4,,0,70,,797,580,4,,0
30001,'Semaine-01',529,,807,580,4,,0,25,,801,580,4,,0,77,,802,580,4,,0,72,,805,580,4,,0,20,,803,580,4,,0,35,,806,580,4,,0,70,,804,580,4,,0
40001,'Fête-1-01',717,,928,590,4,,0,112,,929,590,4,,0,100,,930,590,4,,0,100,,931,590,4,,0,100,,932,590,4,,0,100,,933,590,4,,0,100,,934,590,4,,0,98,,935,590,4,,0,100,,936,590,4,,0,100,,937,590,4,,0,100,,938,590,4,,0,100,,939,590,4,,0,101,,940,590,4,,0,100,,941,590,4,,0,100,,942,590,4,,0,100,,943,590,4,,0,101,,944,590,4,,0,100,,945,590,4,,0,100,,946,590,4,,0
40001,'Fête-2-01',516,,989,590,4,,0,23,,990,590,4,,0,70,,983,590,4,,0,30,,985,590,4,,0,10,,986,590,4,,0,60,,966,590,4,,0,21,,987,590,4,,0,15,,988,590,4,,0,70,,978,590,4,,0,30,,979,590,4,,0,10,,984,590,4,,0,53,,958,320,4,,0,17,,980,590,4,,0,18,,959,320,4,,0,83,,981,590,4,,0,19,,960,320,4,,0,59,,953,590,4,,0,23,,982,590,4,,0,18,,961,320,4,,0,82,,967,590,4,,0,18,,962,320,4,,0,60,,947,590,4,,0,22,,968,590,4,,0,23,,948,320,4,,0,82,,969,590,4,,0,18,,949,320,4,,0,82,,970,590,4,,0,20,,955,590,4,,0,58,,963,320,4,,0,22,,971,590,4,,0,18,,950,320,4,,0,83,,991,590,4,,0,26,,992,710,4,,0,66,,964,710,4,,0,29,,954,590,4,,0,65,,965,710,4,,0,31,,951,590,4,,0,70,,972,590,4,,0,30,,952,320,4,,0,70,,973,590,4,,0,30,,957,320,4,,0,72,,974,590,4,,0,28,,956,320,4,,0,68,,975,590,4,,0,100,,976,590,4,,0,102,,977,590,4,,0
40001,'Semaine-01',516,,1036,590,4,,0,23,,1037,590,4,,0,70,,1030,590,4,,0,30,,1032,590,4,,0,10,,1033,590,4,,0,60,,1013,590,4,,0,21,,1034,590,4,,0,15,,1035,590,4,,0,13,,1010,320,4,,0,57,,1025,590,4,,0,30,,1026,590,4,,0,10,,1031,590,4,,0,53,,1004,320,4,,0,17,,1027,590,4,,0,18,,1005,320,4,,0,83,,1028,590,4,,0,19,,1006,320,4,,0,59,,999,590,4,,0,23,,1029,590,4,,0,18,,1007,320,4,,0,82,,1014,590,4,,0,18,,1008,320,4,,0,60,,993,590,4,,0,22,,1015,590,4,,0,23,,994,320,4,,0,82,,1016,590,4,,0,18,,995,320,4,,0,82,,1017,590,4,,0,20,,1001,590,4,,0,58,,1009,320,4,,0,22,,1018,590,4,,0,18,,996,320,4,,0,83,,1038,590,4,,0,26,,1039,710,4,,0,66,,1011,710,4,,0,29,,1000,590,4,,0,65,,1012,710,4,,0,31,,997,590,4,,0,70,,1019,590,4,,0,30,,998,320,4,,0,70,,1020,590,4,,0,30,,1003,320,4,,0,72,,1021,590,4,,0,28,,1002,320,4,,0,68,,1022,590,4,,0,100,,1023,590,4,,0,102,,1024,590,4,,0
40001,'Week-end-01',717,,1040,590,4,,0,112,,1041,590,4,,0,100,,1042,590,4,,0,100,,1043,590,4,,0,100,,1044,590,4,,0,100,,1045,590,4,,0,100,,1046,590,4,,0,98,,1047,590,4,,0,100,,1048,590,4,,0,100,,1049,590,4,,0,100,,1050,590,4,,0,100,,1051,590,4,,0,101,,1052,590,4,,0,100,,1053,590,4,,0,100,,1054,590,4,,0,100,,1055,590,4,,0,101,,1056,590,4,,0,100,,1057,590,4,,0,100,,1058,590,4,,0
