801,'Fête-1-01',829,,215,150,,,0,200,,216,150,,,0,196,,217,150,,,0,200,,218,150,,,0,200,,219,150,,,0,200,,220,150,,,0,202,,221,150,,,0,200,,222,150,,,0
801,'Fête-2-01',617,,237,30,,,0,188,,230,150,,,0,112,,231,150,,,0,100,,232,150,,,0,103,,233,150,,,0,103,,234,150,,,0,104,,235,150,,,0,101,,236,150,,,0,95,,223,150,,,0,104,,224,150,,,0,29,,225,160,,,0,68,,226,150,,,0,102,,227,150,,,0,195,,228,150,,,0,201,,229,150,,,0
801,'Semaine-01',617,,252,30,,,0,188,,245,150,,,0,112,,246,150,,,0,100,,247,150,,,0,103,,248,150,,,0,103,,249,150,,,0,104,,250,150,,,0,101,,251,150,,,0,95,,238,150,,,0,104,,239,150,,,0,29,,240,160,,,0,68,,241,150,,,0,102,,242,150,,,0,195,,243,150,,,0,201,,244,150,,,0
801,'Week-end-01',829,,253,150,,,0,200,,254,150,,,0,196,,255,150,,,0,200,,256,150,,,0,200,,257,150,,,0,200,,258,150,,,0,202,,259,150,,,0,200,,260,150,,,0
30001,'Fête-2-01',436,,800,30,,,0,65,,794,30,,,0,35,,795,30,,,0,69,,798,30,,,0,20,,796,30,,,0,75,,799,30,,,0,30,,797,30,,,0
30001,'Semaine-01',436,,807,30,,,0,65,,801,30,,,0,35,,802,30,,,0,69,,805,30,,,0,20,,803,30,,,0,75,,806,30,,,0,30,,804,30,,,0
40001,'Fête-1-01',630,,928,30,,,0,106,,929,30,,,0,99,,930,30,,,0,100,,931,30,,,0,99,,932,30,,,0,100,,933,30,,,0,100,,934,30,,,0,96,,935,30,,,0,99,,936,30,,,0,103,,937,30,,,0,100,,938,30,,,0,100,,939,30,,,0,100,,940,30,,,0,101,,941,30,,,0,100,,942,30,,,0,100,,943,30,,,0,102,,944,30,,,0,101,,945,30,,,0,100,,946,30,,,0
40001,'Fête-2-01',421,,989,30,,,0,23,,990,30,,,0,70,,983,30,,,0,30,,985,30,,,0,10,,986,30,,,0,60,,966,30,,,0,20,,987,30,,,0,15,,988,30,,,0,70,,978,30,,,0,30,,979,30,,,0,10,,984,30,,,0,70,,980,30,,,0,101,,981,30,,,0,77,,953,30,,,0,23,,982,30,,,0,100,,967,30,,,0,78,,947,30,,,0,22,,968,30,,,0,105,,969,30,,,0,99,,970,30,,,0,20,,955,30,,,0,80,,971,30,,,0,101,,991,30,,,0,66,,992,150,,,0,28,,964,150,,,0,72,,954,30,,,0,25,,965,150,,,0,32,,951,30,,,0,71,,972,30,,,0,101,,973,30,,,0,102,,974,30,,,0,96,,975,30,,,0,100,,976,30,,,0,104,,977,30,,,0
40001,'Semaine-01',421,,1036,30,,,0,23,,1037,30,,,0,70,,1030,30,,,0,30,,1032,30,,,0,10,,1033,30,,,0,60,,1013,30,,,0,20,,1034,30,,,0,15,,1035,30,,,0,70,,1025,30,,,0,30,,1026,30,,,0,10,,1031,30,,,0,70,,1027,30,,,0,101,,1028,30,,,0,77,,999,30,,,0,23,,1029,30,,,0,100,,1014,30,,,0,78,,993,30,,,0,22,,1015,30,,,0,105,,1016,30,,,0,99,,1017,30,,,0,20,,1001,30,,,0,80,,1018,30,,,0,101,,1038,30,,,0,66,,1039,150,,,0,28,,1011,150,,,0,72,,1000,30,,,0,25,,1012,150,,,0,32,,997,30,,,0,71,,1019,30,,,0,101,,1020,30,,,0,102,,1021,30,,,0,96,,1022,30,,,0,100,,1023,30,,,0,104,,1024,30,,,0
40001,'Week-end-01',630,,1040,30,,,0,106,,1041,30,,,0,99,,1042,30,,,0,100,,1043,30,,,0,99,,1044,30,,,0,100,,1045,30,,,0,100,,1046,30,,,0,96,,1047,30,,,0,99,,1048,30,,,0,103,,1049,30,,,0,100,,1050,30,,,0,100,,1051,30,,,0,100,,1052,30,,,0,101,,1053,30,,,0,100,,1054,30,,,0,100,,1055,30,,,0,102,,1056,30,,,0,101,,1057,30,,,0,100,,1058,30,,,0
