100,'Fête-1-01',925,,1,250,,,0,200,,2,250,,,0,200,,3,250,,,0,200,,4,250,,,0,200,,5,250,,,0,200,,6,250,,,0,200,,7,250,,,0,198,,8,250,,,0
100,'Fête-2-01',715,,10,10,,,0,100,,20,250,,,0,20,,9,10,,,0,77,,11,250,,,0,100,,12,250,,,0,100,,13,250,,,0,121,,14,250,,,0,100,,15,250,,,0,100,,16,250,,,0,93,,22,250,,,0,100,,17,250,,,0,95,,18,250,,,0,106,,23,250,,,0,101,,24,250,,,0,195,,25,250,,,0,197,,26,250,,,0
100,'Semaine-01',715,,28,10,,,0,100,,38,250,,,0,20,,27,10,,,0,77,,29,250,,,0,100,,30,250,,,0,100,,31,250,,,0,121,,32,250,,,0,100,,33,250,,,0,100,,34,250,,,0,93,,40,250,,,0,100,,35,250,,,0,95,,36,250,,,0,106,,41,250,,,0,101,,42,250,,,0,195,,43,250,,,0,197,,44,250,,,0
100,'Week-end-01',925,,45,250,,,0,200,,46,250,,,0,200,,47,250,,,0,200,,48,250,,,0,200,,49,250,,,0,200,,50,250,,,0,200,,51,250,,,0,198,,52,250,,,0
500,'Fête-2-01',1755,,139,140,4,,0,152,,140,140,4,,0,99,,141,140,4,,0
500,'Semaine-01',1755,,142,140,4,,0,152,,143,140,4,,0,99,,144,140,4,,0
501,'Fête-2-01',538,,145,10,,,0,76,,146,10,,,0,30,,147,10,,,0
501,'Semaine-01',538,,148,10,,,0,76,,149,10,,,0,30,,150,10,,,0
1401,'Fête-1-01',639,,550,450,,,0,200,,551,450,,,0,200,,552,450,,,0,198,,553,450,,,0,200,,554,450,,,0,198,,555,450,,,0,200,,556,450,,,0,204,,557,450,,,0,200,,558,450,,,0
1401,'Fête-2-01',631,,560,450,,,0,89,,567,450,,,0,105,,568,450,,,0,105,,569,450,,,0,100,,570,450,,,0,100,,571,450,,,0,99,,572,450,,,0,100,,573,450,,,0,100,,574,450,,,0,101,,561,450,,,0,101,,562,450,,,0,103,,563,450,,,0,101,,564,450,,,0,195,,565,450,,,0,203,,566,450,,,0
1401,'Semaine-01',631,,577,450,,,0,89,,584,450,,,0,38,,576,450,4,,0,67,,585,450,,,0,105,,586,450,,,0,100,,587,450,,,0,100,,588,450,,,0,99,,589,450,,,0,100,,590,450,,,0,100,,591,450,,,0,101,,578,450,,,0,101,,579,450,,,0,103,,580,450,,,0,101,,581,450,,,0,195,,582,450,,,0,203,,583,450,,,0
1401,'Week-end-01',639,,592,450,,,0,200,,593,450,,,0,200,,594,450,,,0,198,,595,450,,,0,200,,596,450,,,0,198,,597,450,,,0,200,,598,450,,,0,204,,599,450,,,0,200,,600,450,,,0
