1101,'Fête-1-01',813,,439,110,,,0,198,,440,110,,,0,200,,441,110,,,0,200,,442,110,,,0,200,,443,110,,,0,200,,444,110,,,0,200,,445,110,,,0,200,,446,110,,,0
1101,'Fête-2-01',732,,448,110,,,0,173,,456,110,,,0,100,,457,110,,,0,99,,458,110,,,0,100,,459,110,,,0,100,,460,110,,,0,101,,461,110,,,0,100,,462,110,,,0,100,,463,110,,,0,117,,449,110,,,0,100,,450,110,,,0,84,,451,110,,,0,98,,452,110,,,0,101,,453,110,,,0,100,,454,110,,,0,100,,455,110,,,0
1101,'Semaine-01',732,,468,110,,,0,173,,476,110,,,0,100,,477,110,,,0,99,,478,110,,,0,100,,479,110,,,0,100,,480,110,,,0,101,,481,110,,,0,100,,482,110,,,0,100,,483,110,,,0,42,,486,110,,,0,75,,469,110,,,0,100,,470,110,,,0,84,,471,110,,,0,98,,472,110,,,0,101,,473,110,,,0,100,,474,110,,,0,100,,475,110,,,0
1101,'Week-end-01',813,,488,110,,,0,198,,489,110,,,0,200,,490,110,,,0,200,,491,110,,,0,200,,492,110,,,0,200,,493,110,,,0,200,,494,110,,,0,200,,495,110,,,0
1401,'Fête-1-01',626,,550,280,,,0,200,,551,280,,,0,200,,552,280,,,0,198,,553,280,,,0,200,,554,280,,,0,196,,555,280,,,0,200,,556,280,,,0,206,,557,280,,,0,200,,558,280,,,0
1401,'Fête-2-01',618,,560,280,,,0,87,,567,280,,,0,104,,568,280,,,0,106,,569,280,,,0,100,,570,280,,,0,100,,571,280,,,0,99,,572,280,,,0,100,,573,280,,,0,100,,574,280,,,0,101,,561,280,,,0,100,,562,280,,,0,30,,559,280,,,0,73,,563,280,,,0,103,,564,280,,,0,195,,565,280,,,0,203,,566,280,,,0
1401,'Semaine-01',618,,577,280,,,0,87,,584,280,,,0,38,,576,280,,,0,66,,585,280,,,0,106,,586,280,,,0,100,,587,280,,,0,100,,588,280,,,0,99,,589,280,,,0,100,,590,280,,,0,100,,591,280,,,0,101,,578,280,,,0,100,,579,280,,,0,30,,575,280,,,0,73,,580,280,,,0,103,,581,280,,,0,195,,582,280,,,0,203,,583,280,,,0
1401,'Week-end-01',626,,592,280,,,0,200,,593,280,,,0,200,,594,280,,,0,198,,595,280,,,0,200,,596,280,,,0,196,,597,280,,,0,200,,598,280,,,0,206,,599,280,,,0,200,,600,280,,,0
10001,'Fête-2-01',443,,730,110,,,0,70,,726,380,,,0,88,,729,380,,,0,37,,727,380,,,0,71,,728,380,,,0
10001,'Semaine-01',443,,737,110,,,0,70,,732,380,,,0,88,,735,380,,,0,37,,733,380,,,0,71,,734,380,,,0
